0.07111418890718513 9.6065107e-07 0.14830686034658447
0.0546527287744161 0.0014195221349801001 0.08308846075433252
0.06361769003447759 6.686956666666664e-06 0.07703363914373051
0.0967422575737307 3.229954393333332e-07 0.013057380224259063
0.05810111298538703 0.0002568285676933333 0.2242248623853209
223341.1102616376 223341.1102616376 223341.1102616376
0.0775849450249897 0.0003333417457893333 0.23293824668705376
0.052348737416283125 0.0013368317683333326 0.4072011314984709
0.053043324906468195 0.0005983108105133331 0.005411172273190434
0.08421818241164539 4.000232366666668e-06 0.14297262996941962
0.07238128384112141 0.0006346922285333333 0.2998486340468913
0.07553366377894283 2.8149061113333335e-06 0.11867949031600444
0.12096926096217547 4.909497210000001e-07 0.117782813455658
0.05769142956909948 0.0018089598351793343 2.3496432210112772e-05
202524.34165817223 202524.34165817223 202524.34165817223
0.06092560753200582 0.0007414573736666667 0.3643033843017318
0.36776710767809095 0.2841997189400666 0.40534531090723824
0.05291480724903326 0.0003810272193333333 0.4006009582059127
0.0634479791797713 4.2501804666666664e-05 0.43750332313965345
0.061914022902868286 5.70498163e-05 0.321700998980631
0.08067195583474332 0.0002460502200953334 0.03421177370030648
0.05248818119121105 0.0010351910936666668 0.3270515290519884
0.054619104182698996 0.0006440748620266665 0.3996994597349648
0.40802807454371315 0.05259826856671867 0.13131641182466858
0.05640571085318587 0.0006112770882233332 0.12031663608562715
0.08790310528354504 4.866084166666666e-06 0.0066621916411828686
0.05741038320357483 0.0007706797628179998 0.0005073394495438421
0.056924305767929576 7.06753706666667e-05 0.011644791029560952
0.051371030884635266 0.0013829190499999998 0.21346804281345566
0.05603183452221361 5.7947428219999986e-05 0.2783049235474002
0.054400541403910145 0.0006018073071666666 0.252104209989807
0.05125461644216888 0.0011608600814686668 0.22960998980631997
0.0987584463761838 7.593835246666664e-06 0.0023352599388370976
0.07400437874137539 2.3496509666666665e-06 0.22636308868501187
0.05394942466150916 0.0006615333029666666 0.18093724770642172
0.11754969265166207 2.819861999999999e-07 0.2914018450560647
0.051369603830866785 0.0012698772266666668 0.45851918450560625
0.0686623853735255 3.840454263333333e-07 0.08912735983690068
0.06516073936485862 1.962106343e-06 0.1818959225280321
0.05226354071865409 0.0005734085258333333 0.3379568093781855
482427.7140672784 482427.7140672784 482427.7140672784
0.05561653456935648 0.00018087274233333328 0.08227974515800263
0.05232197205182283 0.001041705664107333 0.22146352701325211
0.05250871888009696 0.0005429527409999999 0.35129280326197954
0.059404553813596134 0.0007003000691033334 0.16931010193679974
0.054200003302925404 0.00039176444999999995 0.4156917431192664
0.05782629011014147 1.1455194666666668e-05 0.15402126401631033
0.0904755589172672 2.7468683033333327e-07 0.13505930682976475
0.0670843318872369 5.226757020000001e-05 0.2065987767584101
0.058792088408947674 0.0017784966912146674 0.04165844036697397
0.05738559284101156 0.00019247974869999999 0.14048445463812476
0.056432453612620316 0.00023042931099999996 0.019792986748216723
0.07818991510573906 2.992965006666667e-07 0.2538960856269106
0.06595891211235046 0.0005371965617433334 0.4245829459734949
0.05891273235988506 0.00038675989153333335 0.17002392456676807
0.08311072324804275 2.1192583333333332e-07 0.381274923547402
0.0629956094520149 0.0013626677237333338 0.03485308868501491
0.05911323786400794 0.001707086657631 0.008321100917430435
0.05629793560250336 0.0010376069660666667 0.13437038735983675
0.05576833689506092 0.0006326168889266667 0.16349533129459637
0.05612988427273602 0.0011620849023333336 0.28306803261977587
0.09836002987534541 4.5548882366666673e-07 0.032148756371050524
200193.8030920829 200193.8030920829 200193.8030920829
0.07651069992328047 5.246226466666667e-07 0.2791203160040765
0.08650290284678218 1.3817771399999997e-06 0.11193849133537315
204787.39806320067 204787.39806320067 204787.39806320067
0.05400249315982904 0.00021098826766666662 0.03682556574923357
0.06817321562314108 0.00034919705979839994 0.29220346585117296
0.06439214497101205 9.817245352999998e-05 0.07700334352701432
0.07047093921432664 0.0017091101918546671 0.2980274515800221
0.05282867666659115 0.0003601108366666667 0.40004059123343527
0.05548062217056692 0.001509208560433333 0.034486768603466444
0.05187855613461197 0.0005882792282186667 0.11998077471967417
0.09653436090440717 1.4342487233333333e-06 0.11199547400611598
0.05699958634783775 0.0002667091938266667 0.30534892966360916
0.062070773704561336 4.601460419000001e-05 0.19173088685015038
0.06166927198531327 0.00016824964647964665 0.24509870540265055
0.05614298302376315 0.001860623764866667 0.3671807747196749
0.058014445563868144 0.0006347660472000002 0.4419392354740057
0.0820343109170606 4.4523212399999995e-07 0.29138251783893976
0.07246633406622789 0.0002337475321666667 0.1165904791029555
0.07201791186265738 4.226770580000001e-06 0.28927634046890915
0.08880681427497578 6.03661695e-07 0.0802341896024461
208036.70574243972 208036.70574243972 208036.70574243972
0.06583270263232144 0.00024542513215 0.12529830784913276
0.05631626812241759 0.0015573443527233334 0.24277031600407817
0.07341093619994543 4.543929963333334e-06 0.26682670744138726
0.06146499644501239 8.221837666666664e-05 0.09429713557594299
0.057521208030717134 0.001321161855 0.020577217125382852
218992.3377505949 218992.3377505949 218992.3377505949
0.0544979106391662 0.0007028650410379998 0.0792522935779818
0.05609413032098153 0.00131481042 0.24112428134556518
203758.54994903164 203758.54994903164 203758.54994903164
0.055818841799482044 0.0014653392313999994 0.4116231702344555
0.059763874916659535 0.0017535138220999998 0.004550468909275018
0.06819431265250082 0.00023831352740000006 0.416532966360857
0.10912904549382603 6.577499276666666e-06 0.42253351681957296
0.06410875534372303 0.00022252845533333334 0.014847023445464291
0.0510146029445669 0.0015472276118669668 0.2735325178389387
0.08995810998493699 1.364420722666667e-06 0.010214760448521876
0.07454058131990055 1.5725677263333333e-06 0.3876798267074415
0.05636283338791288 0.00019691777999999999 0.06718811416921522
287844.6780496091 287844.6780496091 287844.6780496091
0.051552886667968645 0.0011861640923333334 0.362037553516819
0.06521079343963217 0.0005965919907066665 0.18741374108052922
0.08500153778967001 3.9696413666666665e-07 0.05583594291539207
0.09338369928335916 6.944181233333332e-07 0.13350699286442502
0.059331111611993004 0.0006966616725690001 0.22611915392456616
438010.2956167173 438010.2956167173 438010.2956167173
0.05611510285104008 0.0001388451739546666 0.4512158002038751
0.07198247727891316 1.2483541299999998e-06 0.08097880733944995
0.06600828094710372 5.200780366666668e-06 0.22214047910295642
254649.316173972 254649.316173972 254649.316173972
0.12519857185590572 2.040224302666667e-06 0.4677305300713561
0.05663065946924162 0.0025048031575573334 0.21613881753312914
0.054268738501373995 0.0001460770356666667 0.08108506625892042
0.07267880592449352 4.391317551333333e-05 0.019207502548420408
0.08037887034555702 2.7762108533333334e-07 0.23308488277268014
0.1227544232123345 5.4707772e-07 0.20281581039755503
160581524643.64594 160581524643.64594 160581524643.64594
0.4104398594663005 0.5447255912853741 0.025662813455658462
0.08087176093064152 1.4124535783333333e-06 0.24373807339449538
7791529.646151886 7791529.646151886 7791529.646151886
0.07835163799933975 1.595306836833333e-05 0.41256044852191676
0.05699246192477484 0.0003769820227333334 0.03743269113149772
0.05759770127209443 9.574993123333333e-05 0.02896041794087667
0.05926951277145968 0.00037403954323999997 0.2765118042813457
0.05918317337710569 0.00153753338663 0.32908129459735
0.07946697633091893 4.0759134266666656e-07 0.005586931702345588
0.05663869967190327 0.00013319918859999998 0.09989620795107035
0.06782643467273411 0.0001681790854333333 0.4104779816513755
0.05583130572386952 0.0029030871166666667 0.39933027522936015
0.05814469241886802 0.00034890444639 0.3227367686034661
238031.21389738392 238031.21389738392 238031.21389738392
233443.24243968795 233443.24243968795 233443.24243968795
214279.52769283066 214279.52769283066 214279.52769283066
0.05919702000057847 0.0016830203273313334 0.19783440366972505
0.06090121841910019 0.0018922734532999998 0.0044774821610613635
272632.35219164094 272632.35219164094 272632.35219164094
0.09555776738774185 3.133748806666666e-07 0.46866109072375184
211452.44223581406 211452.44223581406 211452.44223581406
0.09523410693774309 3.619351462666666e-07 0.10265607543323085
0.07249039326637925 6.3249250399999996e-06 0.0992208358817539
219274.2354740056 219274.2354740056 219274.2354740056
0.05339332752307764 0.0006574161976666667 0.08920616717634999
0.07659484458940698 7.868857956200001e-05 0.12939133537206793
249669.52514441122 249669.52514441122 249669.52514441122
0.08734000124710797 1.2200933013333333e-07 0.14449865443425125
0.05281296268188758 0.0003477496 0.3939050356778795
0.05875379285533429 0.0015012461065666669 0.07870963302752321
206836.05164797825 206836.05164797825 206836.05164797825
0.0692838916218971 0.00015752967923333337 0.3670734556574926
0.05803757757822248 0.0005553186384433334 0.2201498165137612
256179.2601087327 256179.2601087327 256179.2601087327
0.05530527260502123 0.00016916010986333332 0.41153158002038603
0.05181119296229415 0.0007772554054 0.40678379204892945
213537.2918790348 213537.2918790348 213537.2918790348
0.056086607314289896 0.00060338748686 0.08622420998980607
0.06352465552244657 0.0004700694745633335 0.40714633027522984
0.10386575212676932 7.591890557666665e-07 0.0011484199796121253
373018.9517499152 373018.9517499152 373018.9517499152
0.05715475325334729 0.0001186623959 0.14674235474006103
0.12305821232489803 5.198755333333333e-07 0.47411538226299776
0.05834213808715116 4.972718866666665e-05 0.10688862385321007
0.060302587939059626 3.920746086333334e-05 0.46879834862385383
446626.94104655087 446626.94104655087 446626.94104655087
0.09893489214214304 3.6332861866666657e-07 0.01106938837920568
0.09878625032117905 3.15446623e-07 0.023069174311926233
0.06818976086903772 1.5876723133333332e-06 0.14480812436289536
0.05757283021033473 0.0012837099626666665 0.11600362895005212
0.05523869345817263 0.00010161770499999996 0.30413673802242647
228010.76707441447 228010.76707441447 228010.76707441447
0.05839815930276156 0.0017511146010333334 0.007480621814475175
0.08818954217514985 1.3769797189999997e-06 0.012249011213047556
0.05492974478034074 0.0011924425721233332 0.24514313965341472
0.05573031898484026 0.0023802939754333334 0.0914940876656467
0.057578030275484096 0.0004180836166666665 0.25387532110091815
0.058401895643139495 0.0005042067243333332 0.3751866972477078
228654.26010873236 228654.26010873236 228654.26010873236
0.11261124268676802 6.114715189999999e-07 0.08348751274209976
0.057297804033343426 0.0005485860411866664 0.0250154128440383
0.10189106209211099 1.2929672339999997e-05 0.3179508256880741
0.08517367850121349 2.4172775166666663e-07 0.2536511416921514
0.07702714434759113 2.856020663333333e-06 0.293632436289498
0.05398897665185909 0.0009462953956666665 0.08469833843017138
0.05520769236044143 0.0016569427303333333 0.3759618348623852
0.08756240901856238 1.742519465333333e-07 0.16360101936799198
0.05751979565788208 0.0019200657955130002 0.005878899082569777
0.06036980854452423 0.0003401257059999998 0.45499316004077484
0.05878815811950392 6.9726719833333344e-06 0.13874457696228415
0.10024319629695802 1.6772055306666663e-06 0.03566617737003064
200545.370370371 200545.370370371 200545.370370371
0.059627276097609316 0.001713190196466667 0.004695076452598812
0.05725440731405154 0.0021740277075666665 0.1869825280326194
0.05202777439647554 0.0007936619015666669 0.3842649439347605
0.09789735608644429 1.0495787299999998e-06 0.456068491335371
0.05470665986115545 0.0021229130949000003 0.18634603465851285
0.056908646403653486 0.0014503124362500064 0.16177470948012296
0.13077382515352534 2.9076001133333327e-06 0.41917351681957316
0.09883882712270027 2.2282108356666667e-07 0.03089797145769646
0.07747838277499608 0.0004854287444666665 0.25162109072375083
0.05214515761198571 0.0011007223815533334 0.32435063200815506
0.07644271151390994 0.00011974923083333332 0.19853646279306858
0.055321555065842645 4.152161266666667e-05 0.029688685015290428
323551.36340468825 323551.36340468825 323551.36340468825
0.08349034440444521 3.211312653333333e-07 0.07475091743119222
248836.00492694625 248836.00492694625 248836.00492694625
0.0692382209422931 1.55134889e-06 0.0920341997961267
0.09966164530596827 4.3260081766666655e-06 0.004016299694189485
0.06523125463606712 1.4811649836666666e-05 0.13586523955147678
0.059652692166404675 0.0014680546633333328 0.08045480122324244
0.06052961190519505 0.00041989764436666665 0.26894963302752206
0.09392284865437905 7.469427733333333e-07 0.4611141692150864
0.07630161675445715 7.410899195966665e-05 0.0536996330275219
0.06391237500676472 0.0013039104764666664 0.010723751274207771
0.05881780296328072 0.0001634587260333333 0.2363291131498455
0.08805930286471444 3.4818777000000006e-07 0.3965585219164125
225115.56659870947 225115.56659870947 225115.56659870947
0.06438520116688469 0.0020300428780669994 0.10045840978593112
0.06764906053935711 3.1746827999999997e-06 0.11446935779816458
0.0898892735697513 6.051527656666668e-06 0.34505021406727776
331457.4541284405 331457.4541284405 331457.4541284405
0.05196969829184157 0.0011980089603333337 0.23057322120285528
0.09767693713356958 2.0403844526666674e-07 0.12488504587155935
243166.82381923238 243166.82381923238 243166.82381923238
0.06263068686037339 3.671626112666667e-05 0.07259213047910373
0.058599464374516054 0.0003360709286666666 0.20209408766564696
0.07614725266526245 1.224623673333333e-06 0.24370656472986862
0.08704757857419528 2.4839556633333334e-07 0.05161434250764474
0.08642765643821204 3.636941383333333e-07 0.13835822629969252
0.05622409708873739 0.00037893774780133337 0.2965891539245673
0.056934698155150544 2.5389382129999996e-05 0.02671272171253891
202345.5190282025 202345.5190282025 202345.5190282025
257331.4262657148 257331.4262657148 257331.4262657148
0.053775043752825116 0.0015602004673433332 0.14383610601426966
0.061325104272038036 0.0013358984126666665 0.014872925586136176
0.08252328549848341 6.703600086666669e-07 0.3179471355759449
0.08424599805853641 1.0226041457666666e-05 0.1069676554536203
0.07002872002553447 3.944745515e-06 0.2820213455657483
0.0656497184240112 5.781996236666665e-06 0.15441552497451427
0.057191037941080825 0.0009133392967833337 0.22130349643221203
0.06122499934721992 3.589640019999999e-06 0.29353167176350636
0.05530537494446012 0.0020183368663333327 0.29833168195718685
0.055985775318406795 0.00022442312762999998 0.391286442405709
0.05789076887085105 0.00032273539178000004 0.20520025484199778
0.09067075508739637 2.707669426666666e-07 0.1567077370030585
0.05318657264819389 0.00030820517 0.4660819164118255
0.055188273772907206 0.0026239401831766665 0.3058879306829767
0.051659955237815636 0.0007987066043333333 0.23148054026503617
0.06421032370253377 0.00046505859521000007 0.3032922324159011
0.07660469363524058 2.080803162e-06 0.19071253822630085
0.058637662936771306 0.001599106724566666 0.209287920489297
0.05498932695986717 0.0011388585406666668 0.1147828440366978
0.05562294066428352 0.0017397038766666666 0.42928797145769515
0.05896840398216955 0.0010015413407899998 0.10803494393476054
0.060017801414096586 0.0018012001591 0.01597141692150883
261882.05487597705 261882.05487597705 261882.05487597705
0.07334627667168743 0.00025181891698199994 0.4632448419979607
230577.03024125053 230577.03024125053 230577.03024125053
222140.32449881072 222140.32449881072 222140.32449881072
0.05642862675888474 0.0011232947044666668 0.10686150866462762
0.06983095853093053 1.9368946843333327e-05 0.34744892966360963
0.06144246441746418 0.0012639836638999999 0.24000697247706482
0.0604072167190914 0.00025885609362333333 0.1712996534148825
0.09901517784103897 1.2503858733333333e-06 0.07756362895004987
232783.58817533197 232783.58817533197 232783.58817533197
0.05532732037758488 0.0007988719965 0.03470636085626966
0.05122196416131826 0.0009441523473333329 0.34515078491335327
0.06347893486645717 3.0499392000000003e-05 0.25233427115188656
312451.9452939176 312451.9452939176 312451.9452939176
0.0528890109983315 0.0005151635209666667 0.14892201834862417
0.06277945656752038 0.0013592915193519997 0.15722328236493377
0.05531489536938372 0.0013813842947640001 0.0510362283384298
0.062125417263384566 0.0008868084013333338 0.29936394495412966
0.05125461644216888 0.0011608600814686668 0.22960998980631997
0.054954723268729445 0.00037837133525999995 0.22594283384301583
0.09055518472924673 2.7065860966666666e-06 0.14940345565749302
0.0796044367919407 1.8347105466666665e-07 0.1416776350662592
0.058761795872846134 0.0003482034389333334 0.38054951070336385
0.05786058006792856 0.0008715079503573331 0.07152267074413832
0.055432829302468394 0.0012252127563666666 0.11369091743119153
0.053518851714763296 0.00039234780999999994 0.11112537206931838
0.05748895243358886 2.6339240510000004e-05 0.32069630988786857
0.053526594835492415 0.0004520874616666666 0.052506432212029
0.08581598729489351 5.515229366666666e-07 0.32331806320081613
0.05753229072767019 0.0011929719700000002 0.07457609582059188
0.15392030898782555 1.4947426633333334e-07 0.1587697145769611
0.055535943439415626 0.00302541572194 0.23099316004077552
0.05368198232318906 0.0010500458443333336 0.2529467074413869
0.05977821719089611 7.960696e-06 0.2867699184505619
0.05546991746586071 4.951774637333332e-05 0.3290384709480132
0.052066619215297455 0.0007763613289333331 0.18994056065239473
0.061011147249552956 0.00122500889116 0.14127370030580977
0.05365975799719428 0.0005505340825166666 0.08193845056065507
0.054808065702125444 0.00013173898466666673 0.07084976554536127
0.058007670732230524 0.0017433667358633335 0.05433366972477138
0.05335441934131935 0.0004380460319729998 0.40796636085626714
0.08182280789765431 2.4167750966666667e-05 0.10937362895005043
0.07269159708124968 3.700782636666667e-06 0.30720414882772573
0.05601851059890424 5.612018864333333e-05 0.27191799184505694
0.08045119816349078 2.00853408e-06 0.35614130479102935
0.0569815340623283 0.0011644478582 0.005610917431194906
0.06830508945802938 0.0005214217308503332 0.46577612640163135
0.07113229973630866 6.997357e-06 0.3786605402650358
261838.81668365584 261838.81668365584 261838.81668365584
0.056158908418319456 0.00039078727493699995 0.2195431294597352
0.0693217890619789 0.0008132956951627 0.15993507645260152
0.051939933894034986 0.00143817974525 0.2333704892966364
0.11738451679942588 3.1460126666666666e-07 0.30537707441386397
0.052196178243137006 0.0006405768286666667 0.3115513047910299
0.06203853994538777 0.0007414768338676666 0.31956477064220135
302114.54723071697 302114.54723071697 302114.54723071697
0.0958483006716006 2.470494298999999e-07 0.11193338430173227
0.05749739071293532 0.0003884554669999999 0.016409785932723686
0.40984768713796366 0.7037761094739254 0.07148870540265007
235769.5293917772 235769.5293917772 235769.5293917772
0.05645752993736204 0.0010332950220000002 0.46536565749235503
0.06524162320561566 0.00020409180890999999 0.22976355759429223
0.06196127475144682 0.00021933493266666667 0.11919091743119248
0.05723981416112178 3.146014119666667e-05 0.2834856269113142
0.09536317385946597 2.6706320933333326e-06 0.056713577981651664
0.05829949379229156 0.0005521192166666667 0.21131619775739097
238959.49711179087 238959.49711179087 238959.49711179087
0.05467135202653509 0.0003797913133333333 0.29816508664627905
0.05490716311335767 2.0879391733333327e-05 0.36259066258919415
250645.85881753353 250645.85881753353 250645.85881753353
0.05428207364850082 0.0011732955232 0.07376348623853257
263009.5268433568 263009.5268433568 263009.5268433568
0.09253368379177399 4.405799700166667e-05 0.21724513761467756
0.06049614494844431 0.0016183360332999999 0.04095124362894875
0.1082939533045526 8.006666866666666e-07 0.4578085524974509
0.06348514773145264 4.983808233333333e-05 0.16954286442405575
0.05116622553400059 0.0016044079214666673 0.4276580428134551
0.09220516621960935 3.047586688333334e-06 0.11113066258919524
0.06194331283284004 7.527779066666667e-05 0.1705955045871561
0.054325690271887196 0.0013055647997 0.22650447502548454
0.06101330801434848 0.001174852833533333 0.12338819571865489
0.09757075178872121 5.768576326666667e-07 0.3078337920489287
243699.91080530107 243699.91080530107 243699.91080530107
224833.4012912001 224833.4012912001 224833.4012912001
0.054789094843685104 0.00032456088215333334 0.01177509683995881
0.0632237614123157 0.00028099404359999987 0.17717364933741075
0.09567212749326148 5.068700386999999e-07 0.14616815494393443
0.07133941271512541 6.715569856666667e-06 0.17198747196737996
0.0594106806866611 2.110108896666666e-05 0.19031231396534354
0.0648505628185615 0.00021901408073333336 0.31659942915392403
0.060223161206416166 3.652171333333333e-05 0.30954881753313135
0.09471672594074201 2.4146997900000002e-06 0.3205475025484197
0.07730270161030853 9.916382e-07 0.1927585015290525
0.05576406055572654 0.0003348809389666667 0.3212058205912336
0.0564848083852197 0.0005423415548166668 0.05586885830785038
0.05351782130292674 0.002687292342333333 0.4555629051987773
0.0732406342704139 1.1931934666666665e-06 0.09586088685015204
0.06483422013938736 1.0604579666666666e-05 0.04469153924566749
0.06070921442491765 0.0015913199459333326 0.04737401630988769
0.1117079723079755 7.421480803333335e-07 0.4043897757390418
0.09979730638899542 1.973042106e-06 0.11955610601427091
0.11780011038825561 2.8194439496666666e-07 0.3321735983690104
0.06019588815893631 2.7030705699999993e-06 0.02522363914373038
235928.35541963985 235928.35541963985 235928.35541963985
0.05791402921832456 9.904906666666669e-05 0.1509054230377176
0.07236133836592407 7.880014566666666e-07 0.2482517838939855
228840.8893985725 228840.8893985725 228840.8893985725
0.06056203258922706 0.00010458705375666669 0.3143066870540272
0.06001339177672656 0.00030313921858666663 0.0024349235473994923
0.05512454757222514 4.9896683266666666e-05 0.26670328236493157
0.06396219109478651 2.2698864549999997e-06 0.3480137104994898
0.06339707817562115 0.0005396640932487665 0.026444179408767532
0.06615344586191492 0.0006246870575506665 0.16235994903160078
227673.36901121272 227673.36901121272 227673.36901121272
0.05647348603696726 0.0006680638647999997 0.4768594699286446
0.05661474470178332 0.0006037847949666665 0.07058010193679909
255092.76673462478 255092.76673462478 255092.76673462478
0.05942490635382769 0.0010447436667899996 0.07330933741080559
0.053645223746647666 0.0010544328659047664 0.44029328236493503
229585.91148487883 229585.91148487883 229585.91148487883
0.05748167879876101 9.449080666666668e-05 0.04975542303771752
0.06637612004098555 1.3430460066666663e-05 0.042875912334353394
0.08001569760315652 0.0004779832429999999 0.022834801223241108
254832.58154943943 254832.58154943943 254832.58154943943
216562.13472646923 216562.13472646923 216562.13472646923
0.06581625721186823 0.0009474188870000003 0.24985934760448503
0.060807153272146364 0.0014496277716666663 0.1726632008154958
0.07003739049868199 0.0005556831143333332 0.3216758715596324
0.05424608928502124 0.00028653477 0.3995047604485218
0.08207880643424995 1.7136152366666668e-06 0.02933625891947056
300595.943764866 300595.943764866 300595.943764866
300757.36493374186 300757.36493374186 300757.36493374186
0.05431714077127532 0.0006389865678799998 0.01436914373088749
0.055951726978048316 0.0004642576953333334 0.36816362895004895
0.06813448198361012 0.00024647526233333335 0.35746432212028667
247126.84335711878 247126.84335711878 247126.84335711878
0.11471461057376878 3.566850641666667e-07 0.07390515800203756
0.05782672583664638 9.950712589666666e-05 0.085489439347604
206424.69843696908 206424.69843696908 206424.69843696908
0.05701327285307867 0.00217061343243 0.17246774719673796
0.05168874257259303 0.0005349548638 0.34644504587156044
0.24966998800630763 0.0008055532670066666 0.1371981243628948
0.08768913455719947 1.3478016366666662e-06 0.021868695208969502
0.055557193714855194 6.819550768999996e-05 0.33186080530071305
0.061015274974761814 0.0019603443506266667 0.08684944954128326
0.056690144832733894 0.001915227671743333 0.25306308868501537
0.05135232924371516 0.0012452073853333333 0.44828029561671734
0.053837132788567166 0.0019481406728000005 0.28722939857288443
0.06566890481042986 1.3436629933333335e-05 0.037265820591232846
0.08442008488333999 1.0148522943333333e-06 0.21498015290519756
0.06718206481194502 0.00015081957947333334 0.34262056065239443
0.05585908187011349 1.4082996333333333e-05 0.04024262996941941
0.097937065233353 2.529506851333333e-06 0.009095524974514824
0.05287911404382202 0.0008172243450000001 0.15755447502548403
31563431.19266055 31563431.19266055 31563431.19266055
0.09415674062051341 4.516244836666666e-06 0.03052726809378159
0.08611212491858716 1.7947507566666669e-06 0.3894435474006106
0.05477229753084578 0.0011664047533333332 0.00011338430173113423
0.05707782079265762 0.001270748798 0.003911722731904987
0.3937219742937533 0.048180881613604 0.06134284403669721
229661.49762147482 229661.49762147482 229661.49762147482
0.05300666386325699 0.0009105026954333331 0.1499461365953101
0.07414097467404271 2.0243890000000004e-06 0.058372619775738155
0.056577281979058903 0.0019537150379663596 0.38660071355759573
0.36979716061067675 0.289314919844268 0.2601451885830808
0.09084140280747995 4.05191183e-06 0.07407483180428187
291998.9636425417 291998.9636425417 291998.9636425417
0.06287080923502453 0.0008490723630233333 0.18759417940876677
0.053046899258237024 0.0015405284274899998 0.3052978185524968
0.07179104047641172 5.734646506666666e-05 0.2573172579001022
0.0531204937833473 0.00026559107799999993 0.2995618960244646
225855.43238192296 225855.43238192296 225855.43238192296
0.06596907657535685 0.00019472205439999995 0.23266637104994636
0.057851754716509565 0.0028256544554666665 0.23161235474006014
0.054225871003486525 0.0002912007946666667 0.2795376146788988
0.06230550611470671 2.4809014622666663e-05 0.12036945973496316
0.11566017861247119 2.134822207e-06 0.06300409785932715
0.10345418398555398 7.535894566666667e-07 0.026002120285423036
210403.99252463525 210403.99252463525 210403.99252463525
0.06037998677725135 0.00127775841988 0.10761096839959228
0.05829608426976014 0.0009186735000000003 0.14991334352701324
0.05116448223938741 0.00081670031 0.3450388481141702
273408.18467550166 273408.18467550166 273408.18467550166
0.060408672909358654 4.5859627966666645e-05 0.09180992864424153
0.05236047368445362 0.0012892552150000002 0.3198070132517832
0.10178894395765654 4.0008905550000005e-07 0.04155948012232491
0.05532093595115639 0.0008248961226666666 0.11278995922528079
0.07074839390043366 7.3994348666666665e-06 0.05983975535168051
0.06403397903842392 0.00024367778914433333 0.23703630988787028
0.08928050824592533 1.0560657966666665e-06 0.4312291539245676
0.0571235338004579 0.002071481997133332 0.08274587155963209
0.05836500124532921 0.001873611522733332 0.10420405708460878
0.09231820225164866 6.940895890000001e-08 0.09901077471967445
0.08275756190829822 1.007959681333333e-06 0.015742283384300837
0.05258374296464019 0.0007681209865399998 0.01793186544342884
0.05518970615315506 0.00022845993966666664 0.056819887869520525
0.06872395132036327 0.00014813738171933326 0.2571910703363902
0.39125826148002235 0.078886525799874 0.04027819571865443
0.08733644550810862 2.7198087916666675e-06 0.30603330275229235
0.060446255333031454 0.0014100393110303333 0.16152665647298647
0.058678091865466644 0.0017777872164233335 0.02446134556574897
219247.1542643556 219247.1542643556 219247.1542643556
246721.44495412862 246721.44495412862 246721.44495412862
210117.21032959563 210117.21032959563 210117.21032959563
0.07788392924296283 0.0002630643908933334 0.18834852191641183
0.0780687951133366 0.0005291406691820001 0.07311917431192771
0.0679626709483361 0.00028799072413333333 0.46001290519877824
205361.8841318381 205361.8841318381 205361.8841318381
0.06380145889176503 3.98877586e-05 0.01812562691131392
283904.9524294939 283904.9524294939 283904.9524294939
0.05769142956909948 0.0018089598351793343 2.3496432210112772e-05
0.05453804733083714 0.00027604814099999996 0.06591845056065315
0.07875297917913829 2.0475378106666674e-07 0.1434003160040782
0.07099190125624746 4.1449220333333324e-07 0.15383177370030454
216683.057254502 216683.057254502 216683.057254502
0.06662876819818467 0.0016787127539333333 0.21389301732925592
0.37409050385093756 0.23578861725433328 0.24394495412844108
0.0888764812659509 5.360135193333334e-07 0.09587399592252766
0.06335910381003454 0.0016862310343033339 0.44146994903159964
208067.43544002704 208067.43544002704 208067.43544002704
0.06325199078900035 8.73577898e-05 0.39683410805300756
0.05781493714488654 0.001908746273566667 0.033610682976553896
0.10173494064361804 3.886188756e-05 0.4326162385321095
0.05488014726210584 0.00048386919816333334 0.3411320897043839
0.10328124440465927 2.3572439099999994e-07 0.013917064220184905
0.07207919175001035 0.0001332743809466667 0.2461122528032611
219186.0983690117 219186.0983690117 219186.0983690117
0.06581936065790372 1.6262514866666667e-05 0.15589169215086685
0.07212124859936633 1.3748261766666668e-05 0.19444051987767663
0.0681863235789983 1.6912166333333327e-05 0.31642448521916444
225703.5720353382 225703.5720353382 225703.5720353382
0.05203044124952956 0.0004300149106666666 0.47749983690111986
0.05635579291185758 0.0005053818779549999 0.027984740061163915
421034.98980632034 421034.98980632034 421034.98980632034
209773.62385321062 209773.62385321062 209773.62385321062
0.06112877378377442 0.0006974155143333333 0.26372092762487176
0.06099407797357791 0.0012829629731999997 0.18940472986748258
0.09743414586361004 3.3340384533333333e-07 0.1648220081549434
0.09793614466057854 1.865741e-07 0.061512854230378
0.07820967078730268 9.551897057433331e-05 0.2870785728848113
0.06434114010056494 5.010105461039999e-06 0.39230918450560637
0.4075669622091582 0.10354408521014531 0.16662885830785035
2850633648071865.5 2850633648071865.5 2850633648071865.5
0.05714996049386312 0.00030233034499999994 0.14690117227318966
0.05234087206974687 0.00045739715333333324 0.4773281549439359
0.05689674835913116 0.002198391108566667 0.1904892252803263
0.06579844996804685 0.0009043238562713337 0.09619639143730918
0.08521651618512163 1.657650223333333e-06 0.34255562691131525
0.05720652410080196 0.0003431416093333333 0.2955286850152903
0.06438348964889673 3.1214185566666684e-05 0.19327406727828667
0.05538910993240709 0.00022806849433333325 0.025323720693170237
0.05539361810662598 7.676407863333331e-05 0.3449419571865455
0.08526575409974838 6.047918379333332e-07 0.15052979612640227
200977.3445463805 200977.3445463805 200977.3445463805
0.07668322037413869 2.3113707566666673e-06 0.2959072273190624
0.37847391976080436 0.1941844333627833 0.23258723751274335
0.10335800215079186 1.4126364066666666e-06 0.3626272375127422
0.06551836422092686 0.0003110369134399999 0.20017701325178372
0.06872484131835928 2.9511179973333338e-05 0.06876612640163193
0.37817759080279517 0.6534095641852866 0.4210229255861355
0.08325700388204418 2.6568309399999993e-07 0.2181235372069299
0.06496230427109902 2.2605852214000003e-05 0.3083910091743105
0.052552868024226096 0.0017402711 0.13700306829765196
217175.2590893643 217175.2590893643 217175.2590893643
0.05629164403797593 0.0017185486696303333 0.44635294597349606
0.05377686124889757 0.00031761526813333334 0.3030378389398565
0.052797251246842196 0.0008342776561299997 0.23597208970438377
270270.2132178052 270270.2132178052 270270.2132178052
253126.66496771964 253126.66496771964 253126.66496771964
301000.1571525653 301000.1571525653 301000.1571525653
0.05983440049676314 3.83056821e-05 0.3052473496432211
0.06725496208299704 7.345006161799998e-05 0.4121166564729859
0.05769142956909948 0.0018089598351793343 2.3496432210112772e-05
0.060989787288343734 0.0005755015312999999 0.1573454230377167
0.058047169248868095 0.00019709056036666661 0.009672528032618644
0.05461201105921894 0.00013481448863333334 0.26287740061161946
0.05790635589011276 2.703969968e-05 0.17253073394495466
0.09646785851482716 5.309677666666667e-07 0.0369745463812432
210999.21848453928 210999.21848453928 210999.21848453928
202812.9544682298 202812.9544682298 202812.9544682298
0.053022684267757796 0.0004050731925593334 0.3700267991845059
0.40869183951122434 0.13372070634337632 0.13437889908256961
240993.11926605483 240993.11926605483 240993.11926605483
0.053558162985654884 0.0004383790559999999 0.20596886850152796
0.059101284414026095 0.0012938682190100003 0.04048927624872478
280195.6252123684 280195.6252123684 280195.6252123684
0.054355203996975646 0.00030966072799999987 0.16044896024464883
0.057338790372662096 0.0009908338095333332 0.02800438328236554
0.07184407144478103 2.145889081e-05 0.2374281957186537
270030.2285083248 270030.2285083248 270030.2285083248
250118.00883452295 250118.00883452295 250118.00883452295
0.0724387347979836 7.212845820999998e-05 0.35029277268093795
0.39840210482271554 0.0011339223523769999 0.07591728848114077
0.05412236870563029 0.0014408766303743333 0.14885674821610584
257193.31464492 257193.31464492 257193.31464492
0.05967631254553003 2.8112745066666673e-05 0.017725545361876982
0.05695255101595183 0.0017339586129099995 0.3284027930682982
0.06539670545761885 0.002691730677466667 0.08761734964322176
0.05993684130618977 0.003805364713333333 0.41885897043832765
0.05243023772360551 0.0005110088749999999 0.3298364525993889
215399.282195039 215399.282195039 215399.282195039
0.056326506641369956 0.0014332519533 0.0813823751274203
0.06259715911753894 0.0009955307373333334 0.38219598369011276
209400.27183146382 209400.27183146382 209400.27183146382
0.06598308344829684 9.9234681938e-05 0.35547757390417845
0.06221097611526741 0.00032699982713333325 0.07753301732925655
0.060445081662424606 0.0025337681408580002 0.034174057084607856
213941.36085626835 213941.36085626835 213941.36085626835
0.06042775427694043 7.066475792333336e-06 0.040418532110093164
0.09100084836865965 5.278556280000001e-06 0.15449307849133653
236318.69266054983 236318.69266054983 236318.69266054983
0.09080217129492074 3.0217298966666665e-07 0.05395304791029476
0.0605638383258054 0.00040600823299999985 0.39168769622833777
0.05934997463598071 0.00037425804280566665 0.2088993985728842
0.08169945082984398 0.0006367777609803333 0.26974480122324307
0.08283125996279017 1.4754706533333334e-05 0.06560551478083765
0.09325015051663983 2.007380323333333e-05 0.29115586136595306
0.06693725911081712 0.0018019635778676667 0.2885793985728835
0.05309800231625827 0.0004068795501333332 0.3713248419979598
0.0752818746805464 0.0002657645963833333 0.17582770642201773
0.052726666230307084 0.0017878372374168995 0.26743352701325085
0.0632543363473708 0.0002749338687266667 0.30041151885830875
0.05110074906843061 0.0008506040982666665 0.4085194597349644
226408.9619435945 226408.9619435945 226408.9619435945
0.05665625101850176 0.00033606327050000006 0.21436226299694106
0.052663337198634134 0.00202632686423 0.3222383690112123
0.06479452998918896 0.0015929068897000001 0.051501865443426276
0.22318787447898236 0.0004869601099999999 0.2149356574923531
0.10903213943444992 2.3477640966666657e-06 0.08826859327217162
0.1091736128783992 5.509613820000001e-07 0.28319681957186615
0.08216343024892583 3.0290729566666664e-07 0.09298165137614722
0.08103116814877825 2.0875490666666673e-06 0.34504921508664754
0.06269946433301357 0.000971911711223333 0.1385885830784921
0.05338776451436137 0.00064231657217 0.014507665647298662
231186.1196058438 231186.1196058438 231186.1196058438
0.05304156208010239 0.0004440101781666666 0.23744540265035763
0.058231243336596974 0.001641357588226667 0.44189968399592283
0.0904284505116314 6.713183633933335e-05 0.16858085626911246
0.08227334812492818 4.4095292566666666e-07 0.36682069317023247
0.08325089681005152 9.180025633333334e-07 0.25145718654434335
0.052392411024169507 0.0015431246813333334 0.27183932721712445
0.41160966525577913 0.160982923833788 0.02698233435270092
0.05947417646720021 0.001742121569 0.04829304791029587
0.10765317113794362 1.5683239633333334e-06 0.13910984709480223
0.05631644327300034 0.00023298567300000005 0.1290720387359836
0.052365704863888286 0.0005141671456666667 0.3466410397553519
0.07812249680358374 1.1369038586666665e-06 0.4067060652395518
0.054373731256519564 0.0015305374369 0.47374972477064237
0.08458626996016101 2.2968863799999997e-07 0.24721231396534105
0.07502583003097474 3.212206396666666e-06 0.21837038735983638
0.08890278763263944 1.5804585700000002e-06 0.36928542303771783
0.05226735874427402 0.0007218327355100001 0.08879286442405654
0.05159007547961736 0.0008709419855999996 0.3944176146788996
0.05736321447415053 0.0002664468759933334 0.24544017329255707
0.05657992114560313 0.0022567636804666663 0.19069349643221134
0.05512679822010476 0.0022105945373453333 0.17566003058104096
0.05760698099341754 0.0007288197163333333 0.4268366462793063
277034.86238532094 277034.86238532094 277034.86238532094
0.057638808043157456 8.69838666666667e-06 0.015281060142712022
0.05649107796288444 0.0011609589225999998 0.10600774719673778
0.06163908191067942 1.1959424666666668e-05 0.21574965341488417
0.05216407579642808 0.0008599791481333335 0.18559598369010954
0.0767978280786118 4.5695704400000017e-07 0.2812269928644229
0.05363435935106501 0.0006332781233333332 0.06904251783894066
0.05248073242251316 0.0005976436730999999 0.11927056065239539
200861.1281005779 200861.1281005779 200861.1281005779
0.05402887299172391 0.0013072341650666665 0.1020172375127415
0.05417453761511748 0.0015266834144440002 0.33075163098878724
0.05857126921868816 0.0014378119231933336 0.4614545361875644
0.06323018726006582 0.0015108525097 0.013310040774720644
0.058967810583810204 0.001326956345666667 0.12799994903159995
0.0581235512061287 0.0014629575539999997 0.3515992252803257
209559.28049609228 209559.28049609228 209559.28049609228
0.05297785360389051 0.001247877644297333 0.23697665647298694
0.07660766235875079 4.64584579e-05 0.31996431192660557
0.05639676494484006 0.0006748315094733335 0.009465942915388936
0.07611277794353413 2.482643245e-05 0.0826290316004088
0.058933456667958156 4.765149605333334e-05 0.1128776758409793
0.06375925008705186 5.744292200000001e-06 0.09542773700305762
0.059931555923653436 0.00011138459233333335 0.15515855249745236
0.05655037014718914 0.0009748537886666664 0.008646636085625659
0.08284353589825316 2.950522039999999e-07 0.21438226299694207
0.06844227048250262 7.0563455e-07 0.12528594291539275
0.052086917315445236 0.000694086851 0.25292605504587096
0.05245218188038473 0.0008404204642666669 0.08557875637104884
0.08089226805242111 0.00026336084055133326 0.19815552497451483
0.0560257084846603 0.0004210355106666666 0.15829378185525078
0.06810342493540174 0.00012711295214999998 0.44020832823649214
315889.46653075056 315889.46653075056 315889.46653075056
304085.95395854564 304085.95395854564 304085.95395854564
0.06736470891590862 3.430706483333332e-05 0.2268352395514781
253405.2285083248 253405.2285083248 253405.2285083248
230926.85185185215 230926.85185185215 230926.85185185215
0.05954494994584129 0.002179376233333334 0.09930184505606343
0.07520553263155919 3.3986846898e-05 0.13567614678899087
0.07305557743878247 0.00015711717253333332 0.2634915596330276
0.055896183037225836 0.00019431049968099997 0.2801638226299694
0.056396602877539406 0.001394315053366667 0.08262900101936843
0.0580346147374772 0.00019408026043333336 0.04059890927624865
0.053523069808164236 0.0005881384262666668 0.015372110091744329
0.06119595265375573 0.0015399283813333333 0.08300242609582176
0.07719291949705531 4.5795341300000015e-07 0.2800745361875645
0.07039811953691136 1.2750696099999993e-06 0.0633067176350659
285751.5417940879 285751.5417940879 285751.5417940879
0.051500081472304116 0.0008170755409999999 0.42026088685015583
0.06525242682656252 0.00022238583575833335 0.3921816004077474
0.06073409286397257 0.0018229117812666668 0.05635720693170265
0.05774815486477587 0.0015507809062666662 0.10556636085626803
0.08434583652109513 8.607292066666666e-07 0.30354573904179283
0.05746219040671444 0.0029553176533333326 0.4243679408766563
0.055996861096577304 4.509375966666666e-05 0.046987767584097284
0.09481064977214518 5.24941678e-06 0.1921799388379215
0.053762935740428786 0.0013130385172916668 0.3566955963302747
0.05445067842433633 0.0005975700900666668 0.34340503567788083
0.06012039712118662 0.001779448451666667 0.09632502548419986
0.06054915594824191 0.00020377382439446668 0.3505317940876669
0.05165560973970495 0.0004998396801999999 0.3599194189602448
0.09175907161197479 1.7802504517666664e-05 0.17046760448521825
0.06044427838467921 0.00026041333167333336 0.24451111111111157
0.057173318383437935 0.0015426522653496663 0.22138806320081672
0.09864184622894755 5.316436333333335e-07 0.1353066156982674
0.05501949096917994 0.0011404311843333328 0.0004210397553499057
0.058744991008858244 6.836536718e-05 0.4411892660550447
0.054413031195158015 0.0012802720315000004 0.059970173292557494
0.05731355050494047 0.0007893358933333333 0.16290295616717598
0.05531425726978978 0.00024162357776666668 0.473222721712538
0.36441028224315253 0.433566711371 0.4645854740061153
0.055463233248315626 0.00037209519213333324 0.11507549439347642
0.052675052382898484 0.0010043543859 0.3070082466870545
0.05803656296414557 0.0006632510036796666 0.23496500509683926
289247.43459055404 289247.43459055404 289247.43459055404
0.0817206347561154 5.441059839999999e-07 0.08358419979612774
0.05295612783980233 0.0003506501398566666 0.3646465035677866
0.052675202664615374 0.0003370151826666667 0.42951365953109155
0.0819093178632995 9.688704096666665e-07 0.3389680326197744
340452.3190621809 340452.3190621809 340452.3190621809
0.06856336928191564 6.4344123799999985e-06 0.18824403669724754
331837.8992524629 331837.8992524629 331837.8992524629
356425.53516819567 356425.53516819567 356425.53516819567
322296.8442065919 322296.8442065919 322296.8442065919
0.1027534503120766 1.9659058433333332e-07 0.11618898063200911
0.05538856923952547 0.0010422122664641733 0.22971287461773748
0.07656491537341648 0.0009103609718326668 0.003948756371049633
0.06368086472851045 0.00019793138879999994 0.009320479102953971
0.09164657280202132 3.8485562366666657e-07 0.032109357798164595
0.058565097270272475 0.0019223339333333332 0.012043282364933905
0.05198894216563376 0.001493053564666667 0.3679616819571856
209546.5978593274 209546.5978593274 209546.5978593274
0.05798538032906919 6.446471323333334e-05 0.1272662487257894
0.08399663096558004 6.883756000000001e-07 0.09935972477064237
0.09400665502433508 1.2913963366666663e-06 0.09446875637105112
0.08552666431601393 4.5279006799999995e-07 0.26048344546381097
0.07483726480435551 6.125445724633333e-05 0.2795543934760438
0.055954779609568545 0.002775871871 0.4339767889908268
207550.6965681273 207550.6965681273 207550.6965681273
0.07724803976235935 0.0006618718799000002 0.0383735677879713
220619.22782874622 220619.22782874622 220619.22782874622
289733.98318042775 289733.98318042775 289733.98318042775
825124468.2296976 825124468.2296976 825124468.2296976
0.0666334964754723 0.00021386807123333334 0.37347320081549373
65676921788.56608 65676921788.56608 65676921788.56608
0.07117721142660086 6.702427666666667e-07 0.26062129459734873
0.055855469623232026 7.689364897333332e-05 0.3605839653414882
215197.82534828468 215197.82534828468 215197.82534828468
0.059982786985099956 0.0010636672835 0.002880846075432597
0.06917814089683444 1.1738076803333333e-06 0.21541178389398574
0.09142133435676199 8.502107817666663e-06 0.1554517838939864
0.05826427534211294 0.00013917260379999995 0.465250632008154
0.07014013101272372 1.2951234200000001e-06 0.2355675840978586
281269.3552497447 281269.3552497447 281269.3552497447
240143.9177709821 240143.9177709821 240143.9177709821
0.10854579261285185 1.215339418e-06 0.2778448623853209
202224.2312266387 202224.2312266387 202224.2312266387
0.08079698043697384 5.1338175259e-05 0.35137021406727964
244583.94070676138 244583.94070676138 244583.94070676138
0.4309090140520676 0.36267463222617896 0.08844391437308952
0.11502572895612605 2.1684779033333334e-06 0.02757594291539034
0.372156721060053 0.20423295001803335 0.17577098878695052
0.06126918651546749 0.0019332672919903338 0.030903975535166772
0.066341358452782 0.0008281630028466667 0.45903994903159906
0.06943661617143378 4.128685876666667e-07 0.14977246687053736
0.05295198308957975 0.0002934803430000001 0.2332000407747179
0.056921778099043675 0.000199467554 0.2781928338430171
0.06697558603121526 1.689183476666667e-05 0.3325427217125383
0.059763874916659535 0.0017535138220999998 0.004550468909275018
0.11894914406087134 1.2173785866666664e-05 0.3570857390417941
251122.17125382298 251122.17125382298 251122.17125382298
0.05346001032126017 0.0009258262346666668 0.3157016309887868
0.058031182977533846 0.0009548208488000001 0.11543561671763625
0.09693757285724039 8.822293773333335e-07 0.022664291539244985
0.09795510597360449 8.900597733333333e-07 0.47272450560652457
0.07991347377111557 0.0004308460750216666 0.10512077471967407
256923.30954808072 256923.30954808072 256923.30954808072
0.0630771151532942 3.7884710333333324e-05 0.0695236595310913
0.1945577580943634 1.2283867706666666e-06 0.16585939857288512
0.05925520144742065 0.0018523948404333339 0.023806748216104623
0.06252837611947662 0.002005741589586667 0.07303522935779627
0.05854833023848215 3.910581389333333e-05 0.39068304791029407
0.09723189714398894 3.3118686566666665e-07 0.057209184505607524
0.10176406252497967 3.5736979733333323e-07 0.02405387359836908
0.07094748150476482 0.0001448170183533333 0.010536360856268967
267379.73581379594 267379.73581379594 267379.73581379594
0.09720515358174375 6.313404361666667e-06 0.03966118246687067
0.10805792902323144 1.6137815299999998e-06 0.27044895005096903
0.09580562702998748 1.4528645666666663e-06 0.09531663608562724
201122.8593272172 201122.8593272172 201122.8593272172
0.05588012809514346 0.00047196348548000005 0.32867812436289645
0.06339707817562115 0.0005396640932487665 0.026444179408767532
200747.19673802276 200747.19673802276 200747.19673802276
0.09026947458962223 4.2220391300000007e-07 0.10130857288481065
0.08438673655440475 6.410595113900001e-05 0.27957592252803254
0.3818219977686538 0.3961607518189791 0.2668285015290519
226255.0288820937 226255.0288820937 226255.0288820937
0.09711314693129232 3.711730179999999e-07 0.45851290519877685
0.07578674735908744 2.611207635333333e-06 0.26644769622833886
0.057173571680625535 0.003036142735666667 0.37245503567787885
0.10225746854363352 3.5422437866666655e-07 0.04663485219164176
201108.13370710146 201108.13370710146 201108.13370710146
0.05633417700259409 0.000504261885 0.28275222222222096
0.08255235488499575 6.969942949999999e-07 0.32301870540265076
0.05342445195581964 0.0013442521269156334 0.26766433231396425
0.07028202471580287 2.5832903970000003e-05 0.21645423037716593
274543.6416921506 274543.6416921506 274543.6416921506
0.058740687467063624 0.0020786026000000008 0.004270316004078456
0.06047335046087694 0.0012170096160999996 0.0027727930682965862
0.062364902124248056 0.0006933038740333335 0.09907569826707485
0.0527356127616381 0.0006909144303666667 0.16051399592252835
266034.0341488279 266034.0341488279 266034.0341488279
0.09473957554999911 5.662341999999998e-07 0.004557777777778771
0.05381909814938068 0.00028742288403333337 0.3330451172273201
0.05440116899590315 0.00028842642733333326 0.06884704383282303
0.05914050095272209 0.0016190884941466668 0.030329398572883637
0.061175366918981205 0.0018943233453466665 0.04458245667686134
227852.3402990138 227852.3402990138 227852.3402990138
0.13163096336901128 2.5669932635333324e-07 0.3564049541284402
243192.27828746205 243192.27828746205 243192.27828746205
0.06014807193443398 0.00039699400106000003 0.1910965749235487
0.05186119344629676 0.0013207615074999999 0.3554086952089701
0.09467633651807124 2.9708029066666666e-07 0.12837523955147967
0.06013518834230043 4.853311166666666e-05 0.011650061162080672
0.057536773591037815 0.00022859677523333317 0.2719880326197752
0.06287413298389932 0.0009556216639999997 0.10349345565749113
0.35941365917272317 0.0017261313631966664 0.12136543323139692
230554.96941896004 230554.96941896004 230554.96941896004
0.06327675184505066 0.0013227574762 0.008135096839959388
0.05467215215485595 0.0006907073500393333 0.09987243628950182
0.08826719543318856 4.384578563333333e-06 0.09803653414882785
0.05546789611845866 0.0005450777205633333 0.10820152905198555
0.06525006757144987 1.0724180666666666e-05 0.30702334352701444
0.05210117587722303 0.0015192012209000005 0.44185500509684106
221588.20506286036 221588.20506286036 221588.20506286036
0.07305948565222412 6.03651116e-07 0.045418430173291835
0.06918601785017305 0.0006286752188000002 0.22761414882772657
0.05181001032868226 0.0012246174225637536 0.06014665647298578
0.05642160015865864 0.0016992667819999995 0.3039416615698278
0.05541448880733616 0.001966134360567 0.17647111111110947
0.06103597807464818 0.00017073684719333334 0.07272911314984754
0.05713280876218607 0.0009795839341333334 0.09314640163098975
0.058504937999459244 0.00041582726482666663 0.24968090723751235
0.06125833217938207 0.0001153394289233333 0.0007638939857286253
0.39123223544393326 0.12167484605518267 0.29631419979612783
0.07074295893934437 0.0005742070819199997 0.42295173292558497
0.05436341365200196 0.0012718522316266664 0.051371325178390936
0.07726549279744954 1.0494593449999997e-05 0.16860605504587145
0.06283462608949242 2.903116026666667e-05 0.12956652395514645
0.06243714140332886 0.00021100502475166662 0.028317563710499094
0.05348208600352258 0.0005961810662333334 0.3908266055045879
0.07387313428080114 3.099172339999999e-06 0.38639314984709383
233464.05453618747 233464.05453618747 233464.05453618747
0.08602244424871419 3.63542406e-07 0.1379679204892965
0.0578502636426014 0.0015291687219666666 0.015000091743118116
0.05886057523928056 0.0006668052266666665 0.04049282364933848
0.08481718151709697 2.0374844163333326e-05 0.16049159021406822
0.06734582306291739 0.0004032294649213334 0.44718337410805287
0.05542244327768312 0.0010152705394999998 0.17704839959225094
0.057584255467381065 0.00049859576235 0.04969897043832816
0.09550152631287388 3.50643759e-06 0.06354032619775563
0.05205573084956597 0.0011424169102 0.40087166156982645
0.06394198355040659 0.00011485728238333335 0.4223269622833834
0.055426577855152925 0.002033368978066666 0.1590642813455645
0.06453052033030278 2.3067842333333333e-06 0.2853363914373106
0.05445463997090227 0.0005578349928733332 0.4514311620795124
249600.39075773032 249600.39075773032 249600.39075773032
0.07014297573087327 1.4832206493333337e-05 0.006104699286443083
0.08626098403844434 1.7806416699999995e-06 0.12262608562691124
0.08266705113531714 0.0004300954689 0.07996363914373106
261381.97842337785 261381.97842337785 261381.97842337785
0.056387728971714804 0.0011282837953 0.05882117227318995
0.12269770182137728 4.5207538333333326e-06 0.22558790010193697
0.0527682117056842 0.001602982019866667 0.38823783893985686
0.09838576867599982 2.9253494820000003e-07 0.11360183486238551
0.08346892473029655 3.653261496666666e-06 0.17787553516819576
0.05251767990853262 0.0010642606543503335 0.29872933741080443
0.05553766263469875 0.0002775140799933335 0.4459791131498454
0.05153307019379205 0.0007578298766933334 0.14405835881753326
0.08418972449959111 2.2578978066666665e-06 0.1306305300713544
0.36934863439659665 0.7230651011953968 0.25307795107033604
0.07786714101551365 6.0938668410333326e-05 0.23137930682976382
0.06830615132633917 2.571224029e-06 0.2305963404689102
337355.7721712541 337355.7721712541 337355.7721712541
0.05409326644775314 0.00031388806699999985 0.15827132517839004
0.05758453676242307 0.0009139315559999998 0.035590030581039045
0.07010246953963802 1.4956116399999998e-06 0.1616481957186542
0.059037300710968646 8.947631083999997e-05 0.40439717635066286
0.051466924267246195 0.0012722400407699998 0.18296981651376099
0.057518911239823806 6.226929803333333e-05 0.14739604485219138
298963.6595310914 298963.6595310914 298963.6595310914
0.08397561627750326 4.5342769533333336e-07 0.31762109072375244
213207.19079170903 213207.19079170903 213207.19079170903
0.07959973103076241 2.2570066766666664e-06 0.2007156065239566
0.373638181553535 0.33668035222349996 0.31992504587155857
0.08275930138531087 2.8983088366666662e-05 0.34463439347604563
0.05731541616337654 0.0015754635700399994 0.135681080530071
0.061054001902079436 4.2422177599999995e-05 0.1549708562691139
0.05163420545099946 0.0006646846833333332 0.347628817533129
0.05278421044973698 0.0013109184261333334 0.3052323547400606
240373.25433231393 240373.25433231393 240373.25433231393
259260.66513761447 259260.66513761447 259260.66513761447
0.05961550011405388 0.0010750702823426666 0.029878175331294887
243130.29221882444 243130.29221882444 243130.29221882444
0.05261247558436766 0.0013659620689046 0.08363328236493439
0.06003881282684416 0.0001800085974 0.27024301732925426
0.0586464021883419 0.0016630414846999998 0.07403218144750268
0.06135007837177893 8.509965573333335e-06 0.4417486952089722
0.059682556759499406 0.0006638396740766665 0.26874103975535224
0.056928668542000994 0.001725856746483333 0.12120208970438329
0.054960689937634324 0.0006160575721666667 0.06468063200815477
0.05663967453108931 0.0013785026700699997 0.26352955147808466
250107.2332653751 250107.2332653751 250107.2332653751
0.08137995073014588 2.9781129633333333e-07 0.1521951478083574
0.05246284123291489 0.0011866770141999996 0.27810586136595505
0.06253694581004002 4.5727135849999996e-05 0.09438440366972323
0.08778238407855665 1.222919841333333e-06 0.0002577471967377676
0.0606359218639434 0.0008509143126999999 0.26694390417940816
0.05214952350755615 0.00044584307666666636 0.4657946381243634
216215.36697247688 216215.36697247688 216215.36697247688
0.054084862301609575 0.00040520113213 0.31300086646279235
240693.08953448877 240693.08953448877 240693.08953448877
0.0526424112027121 0.0006671669006666666 0.2850128644240568
0.0589842202341226 3.975338495666665e-05 0.43148023445463757
0.058200154962458485 0.0018010260501666665 0.0009848827726810505
0.06471190283311934 4.2251869754666664e-05 0.31168845056065475
0.07485545288420636 0.0006852552750933333 0.47204784913353737
0.06609492143982194 0.0010099620856666666 0.4787337104994891
0.09522395105521969 6.124237493333332e-07 0.09068831804281396
0.061005879516038676 0.0015246424228333335 0.10540909276248822
0.0699480158641072 0.0005164910602146668 0.40531591233435327
213004.58715596359 213004.58715596359 213004.58715596359
223594.5421338772 223594.5421338772 223594.5421338772
0.08027421011123465 3.581434066666667e-07 0.3003951885830789
0.05510594966538473 0.00022005213433333334 0.2683208256880758
0.05800680244055181 0.0010158483164266665 0.18213965341488114
0.10977810917922677 3.3923292016666665e-07 0.023955504587156007
213174.99150526675 213174.99150526675 213174.99150526675
0.06340226793280326 6.8416093866666656e-06 0.07370880733944896
0.09389432372639782 3.0358235749999995e-06 0.07096731906218068
0.054809326435156194 0.0009163190454999997 0.003198776758408961
0.06422158013622059 2.343350103333334e-06 0.2960496228338436
390923.83197417547 390923.83197417547 390923.83197417547
0.09052520538148434 4.9523801644666664e-05 0.005698664627930228
0.08449669121363845 4.1379368600000003e-07 0.01223348623853271
0.05841599671513087 0.0017031731063 0.010395382262997188
0.08157825757104215 6.506629970666666e-05 0.14148962283384225
235286.3659531087 235286.3659531087 235286.3659531087
218309.76044852135 218309.76044852135 218309.76044852135
0.095496274028487 2.3699019506666672e-05 0.07267825688073293
0.05614625618672886 9.297177899999998e-05 0.1408705402650372
0.06022677865202485 1.9438623860000002e-05 0.0202867482161051
0.056498809031960175 0.0011981677312843332 0.3914600509684001
0.07646967113449654 2.7260179133333336e-05 0.15923627930683004
0.09510111244899988 2.4786696006666667e-07 0.10623503567787829
0.11237846518523707 1.0179572999999998e-05 0.18102267074413936
0.05323572272593609 0.0007962173333333329 0.2365743527013242
0.07083631890866063 1.62821717e-06 0.13470911314984813
0.09881253007808691 2.8004008966666667e-07 0.00807500509684056
0.05786578075753086 0.0019101171074000004 0.17474195718654517
0.06143665693847784 1.7073411766666663e-05 0.028514852191642515
0.055714182623276425 0.0007435564957293334 0.0064179408766564805
216434.94733265357 216434.94733265357 216434.94733265357
0.11023849839482679 1.41847252e-05 0.19078882772680927
0.05769142956909948 0.0018089598351793343 2.3496432210112772e-05
0.05770634851375622 0.0009541124384666665 0.03252404689092758
0.06121415593484062 0.0017702655858666666 0.20604502548420145
0.055072198579756385 0.00074486433676 0.05683995922528062
264058.44801223255 264058.44801223255 264058.44801223255
0.05881451323427315 6.011501371666667e-05 0.3398913455657486
0.06289637324532989 2.859037267333333e-05 0.05481084607543263
0.051888563837972024 0.0008783206784333331 0.39503101936799156
0.0557814314255659 9.670779521666667e-05 0.3067505198776743
0.08759351238698937 6.747180366666665e-07 0.32560670744138687
0.05287911404382202 0.0008172243450000001 0.15755447502548403
0.37126445254534407 0.004102966980182666 0.03880357798165113
0.06057378177250783 4.085361746966666e-05 0.45811974515800236
252298.80224260958 252298.80224260958 252298.80224260958
0.08436206142462982 2.3704804896333336e-06 0.29436254841997833
0.11212233144061574 5.498197676666665e-07 0.18971853211009115
0.055221175446614895 0.001101134783302333 0.07219240570845997
0.056930947552989775 0.0003257417949716665 0.2055781345565757
232975.79001019386 232975.79001019386 232975.79001019386
0.1325720454953927 4.2665139596666677e-07 0.4096686034658521
0.10180544288421343 2.602021875999999e-06 0.015659266055045862
0.05979017136306704 0.0017551333723333337 0.44690373088685087
0.09631934328945331 4.1216107999999995e-07 0.39745453618756343
429339.75535168167 429339.75535168167 429339.75535168167
0.0620255703442657 0.00043107927130333343 0.20089733944954258
0.05179148877997134 0.0007711612868666666 0.40615237512742164
0.09146017233488841 7.224397096666665e-07 0.18118652395514623
0.09237714060234573 1.6637973766666665e-06 0.029027115188582808
0.06320076645751918 0.0002616501963666666 0.07318960244648487
273272.9655113835 273272.9655113835 273272.9655113835
256006.6173972133 256006.6173972133 256006.6173972133
0.061620956851078636 0.001902108509739 0.06169234454637973
327409.9558273862 327409.9558273862 327409.9558273862
300174.06133197434 300174.06133197434 300174.06133197434
0.05720677212344383 0.0008958440423999996 0.1684824362895001
0.05841726905252338 0.0009001990651399998 0.18998885830785017
0.06280434815148961 0.0003893591133333333 0.31723436289500473
0.07393624136578048 8.659716256666668e-06 0.2974716106014279
218309.93459055392 218309.93459055392 218309.93459055392
0.1030067123065772 2.590902306333333e-06 0.006304434250765656
0.05511484718302813 0.00014710511999999998 0.12328037716615414
0.058417794266634473 0.0004152026063566667 0.20558176350662594
244655.24974515795 244655.24974515795 244655.24974515795
0.05563396747842271 0.00030945335989 0.22532326197757513
0.05181119296229415 0.0007772554054 0.40678379204892945
0.06034708031192711 0.0016420042057333332 0.19756849133537235
0.0544521259528428 0.0013882332333333333 0.05283771661570036
0.06725072590076578 8.914962773333333e-06 0.17156699286442523
0.093197698813855 3.349063973333333e-07 0.24139380224261053
0.054962199690774566 0.0018258019208999994 0.3352886952089711
335559.70948012214 335559.70948012214 335559.70948012214
0.0714671634406417 0.00026760108730000014 0.3155869215086642
340660.0365273536 340660.0365273536 340660.0365273536
0.05303283697860232 0.0004333065418666667 0.27658411824668594
0.059201093960010456 0.0006844490299999998 0.30690397553516835
0.05801088717094589 0.0030174514783000003 0.45081307849133534
0.058063457094938646 0.00028844540023333326 0.1908497553516808
220198.84896364194 220198.84896364194 220198.84896364194
0.062047931227281694 1.6064594411000002e-05 0.4552237818552505
0.05764035915603941 0.002128083271033334 0.09087312945973336
0.05647408525322021 0.0001075704239 0.2174901936799194
0.059982786985099956 0.0010636672835 0.002880846075432597
0.09580562702998748 1.4528645666666663e-06 0.09531663608562724
0.06756705160304007 9.009359859999998e-06 0.18710124362895053
