0.057727631735690725 0.0011539966593233334 0.10818357798165135
0.0516403413620979 0.0017591977870000002 0.39958519877675913
0.08502072787975759 8.415338190466666e-05 0.024282670744138812
0.09501988315383758 4.8096345125e-05 0.12382850152905167
0.05573225611866624 0.001844744682929 0.0010827726809381488
0.05762098720823394 0.0016546835283966666 0.40291172273190456
339918.49303431885 339918.49303431885 339918.49303431885
0.086264425627205 1.675737e-07 0.38295761467889955
0.05614899278913961 0.0012363969616000002 0.015159918450558862
0.0565688149340845 0.002946727736 0.45201448521916365
0.05955752189665209 0.0017358833892666668 0.004829184505608097
0.1016792287647913 9.829357416666666e-08 0.03422773700305903
0.061134753370090326 0.0006322772866000001 0.06424059123343495
0.06020494627995254 0.001913823673333333 0.053587359836903214
0.06064748989669114 4.242657842333334e-05 0.44557836901121206
0.06588421630754271 0.0005368128832662466 0.29170195718654446
0.050576538508743954 0.0008444369983333334 0.479126146788992
0.08091526744292632 4.097786433333333e-07 0.11380457696228374
0.059255839639573586 0.00035321493776666664 0.2970845056065241
0.06385116123256587 0.00017506372356666659 0.02271670744138765
0.09708284212360126 1.5254976376666664e-05 0.2800846788990832
0.08910141217804993 2.890456333333333e-07 0.07064289500509835
0.06067424320820317 0.0003500954308926666 0.2968375433231403
0.05516966624719347 0.0003389970294399999 0.44737076452599256
223590.40944614384 223590.40944614384 223590.40944614384
233410.01529051963 233410.01529051963 233410.01529051963
0.07771489249959847 0.0002439744589039999 0.021581376146788678
0.1271548458500699 3.842884574666666e-07 0.36326109072375035
0.05953177699041349 0.0011639155500000001 0.05156308868501558
202591.20370370286 202591.20370370286 202591.20370370286
0.05044834327711174 0.0007661675883333332 0.47212718654434394
0.09419664487235933 3.534881539333333e-06 0.17739357798165223
0.08315328656742203 4.198117129999999e-07 0.22156524974515834
0.08560348194340935 5.826261843333334e-07 0.14320996941896036
0.05117272938230825 0.0005895255766666666 0.41077948012232435
0.07221851360951495 9.5995127909532e-05 0.3613878083588178
241364.50900441696 241364.50900441696 241364.50900441696
0.06138169399672954 2.3565864873666667e-05 0.006876829765544823
0.05908823405180529 0.0025253642329733333 0.08638041794087847
0.056021470760305385 0.0019586525070363335 0.15190388379204878
0.08221080355002675 4.237092433333332e-06 0.3606675025484223
0.05637904723969751 0.0010877865407 0.14519345565749298
0.07376580028498812 0.00011432429963333335 0.05430131498470914
0.41264676744976914 0.16676899782804377 0.14657390417940874
0.056566508450833664 0.0023488002583333333 0.24755265035677754
0.07090786733944206 1.4767771705999998e-05 0.2396723139653436
315646.9418960244 315646.9418960244 315646.9418960244
0.08598509696863532 1.1052125636666666e-06 0.1390702446483183
0.055539771478540494 0.001431947964753334 0.23665063200815428
0.3973542903629117 0.27960094263706664 0.19744011213047896
0.06379130293216032 9.54083392e-06 0.045599694189603746
0.05215954575437202 0.0017674904174266664 0.20423873598369013
564709.9260958206 564709.9260958206 564709.9260958206
0.05813598187983363 0.00012637459131666665 0.47463815494393424
0.05134935192150262 0.0013676910062 0.38479529051987793
0.053524753950207504 0.0005460804168666664 0.15423069317023463
0.10542787430069152 9.545423073333333e-07 0.09038086646279275
0.05288433324180486 0.0008320296717000002 0.05875936799184256
0.06004714962277598 9.761812033333333e-05 0.4091361977573911
0.0675960055564826 1.4846410356666668e-05 0.13459035677879738
0.06871290164617541 2.5284653533333333e-06 0.19006113149847081
0.05636054887304102 0.0025061353210000005 0.1301668501529063
0.06978201807924622 2.3954339966666675e-06 0.05026656472986746
782156030265.4603 782156030265.4603 782156030265.4603
0.0565712254152851 0.00011439167344333331 0.06358959225280403
0.05433241237521572 0.0012938477344483332 0.021497023445463448
0.05287901621551594 0.0004228477633333334 0.17432634046890927
0.060506315976356397 0.0031568911803666667 0.2294492864424056
0.05587633173462965 0.0009187559576623335 0.2857206014271152
0.11160915958337765 6.060352753333333e-08 0.11232929663608626
231584.07662249415 231584.07662249415 231584.07662249415
0.05610687470607059 0.003117708837333334 0.2751749643221211
379730.7084607544 379730.7084607544 379730.7084607544
0.0570224663957517 0.00028003042939999984 0.46524874617737044
0.05275838263317511 0.0012739337862333335 0.08855022426095793
0.05890448289352401 0.0017268697868499995 0.07729755351681833
230605.75518178684 230605.75518178684 230605.75518178684
0.11176898967614063 5.684865683666667e-08 0.45392268093781896
0.06010207717319082 0.0005076540080333334 0.13825101936799244
0.051896216947719356 0.0007855468493333332 0.19258216106014237
0.07306415407837266 1.3525721363333332e-05 0.4520809174311924
0.09163009072594325 3.961257203333333e-08 0.21695347604485216
0.05779908671515324 0.002275546282966667 0.27571261977573913
0.06464414617527577 7.970063139066666e-05 0.17178772680937904
0.058746183068738314 0.0014807813697333334 0.07747031600407706
263244.4444444444 263244.4444444444 263244.4444444444
327676.56727828796 327676.56727828796 327676.56727828796
0.05344546176685383 0.0005569821995666667 0.16154087665647232
269933.7368331639 269933.7368331639 269933.7368331639
0.08221772784842762 8.7600944312e-05 0.16929633027522906
0.38347866336194797 0.5345592347872433 0.16941890927624925
0.08724907641223728 5.610981006666667e-07 0.3018753924566777
0.09182012447542853 1.809018756666667e-06 0.0760584607543322
0.057854507456762044 0.0006918823772700002 0.2744560652395518
13596590627590.893 13596590627590.893 13596590627590.893
0.050719163125793124 0.0007832950766666664 0.37671539245667685
0.0605553767193487 3.7967838746666675e-05 0.4712584505606525
0.06429886848019631 1.04895782e-05 0.05774861365953088
0.08024266137140856 8.20077769033333e-06 0.38146943934760325
0.059413659731318916 0.002371498381133333 0.17101212028542268
0.05823803813270452 0.0019357576114666655 0.00562086646279214
0.41530348146113527 0.5278664625795166 0.024909796126401762
0.39873274619760307 0.10364932315728666 0.11009193679918461
0.06932573973584795 1.4498116586666662e-06 0.22929198776758497
0.05187711417094172 0.0004747835499999999 0.47985697247706494
0.05833252918082439 0.0013532427810000003 0.3104587155963281
0.05828038754392069 0.0018156734182666668 0.03911504587156056
0.07386899135646852 3.730877933333333e-07 0.0046414678899084905
0.3765641979674738 0.19444764923900001 0.31583993883791983
288761.9393476051 288761.9393476051 288761.9393476051
0.07169395762898037 0.00040568890328666673 0.35648489296636
0.09513339345666841 1.8261714729666666e-05 0.2504613659531092
0.06797074284445295 0.0005093506995666667 0.3162067686034655
0.08501384088423827 1.5553824903733332e-05 0.36928141692150795
0.06596494507963298 0.0002666539243166668 0.11228512742099817
286024.04434250726 286024.04434250726 286024.04434250726
0.059611977279356 0.0015849571133399996 0.41442840978593454
0.06788003597683767 1.480958285e-05 0.17286793068297612
258352.6630988796 258352.6630988796 258352.6630988796
202163.40893645902 202163.40893645902 202163.40893645902
0.05351553811768797 0.0011518583169999998 0.20524919469928626
0.05177346982109006 0.001200034663128 0.18171237512742167
0.05698948514411542 0.0004983402094233332 0.22469296636085678
0.11166730111807402 1.9727900539999997e-06 0.11866765545361924
0.053239601457744125 0.0008454406966666669 0.1838435779816523
0.06189145419269107 4.6747965493333325e-05 0.16270211009174318
371201.48233095504 371201.48233095504 371201.48233095504
0.05251109474215524 0.0013022764042666664 0.4558617227319055
0.07614976367861184 4.455397329999999e-06 0.17201833843017278
0.09953482239667417 1.249362223333333e-06 0.16420813455657557
0.09721649555614043 6.850977333333334e-06 0.13258068297655523
0.06452867092874406 5.0262981060000003e-05 0.21911191641182537
0.06415848575560142 0.0008471892420733334 0.2893514780835895
0.05704297539087251 0.0006920671108866664 0.09125332313965329
0.06578977772493744 0.0007525222051799998 0.39554291539245634
0.08074494595166114 5.3835036123333324e-05 0.08677595310907282
329608.72833843 329608.72833843 329608.72833843
212327.15341488252 212327.15341488252 212327.15341488252
0.05753214522099018 0.00035615729096000003 0.20807435270132668
0.10477885922381297 5.242751273333333e-07 0.010977991845055879
0.05120277918497488 0.0012612700796666666 0.3852948929663609
0.0575177535463699 0.002251676328576 0.1595776656472978
0.05250814196158037 0.0014500152893406667 0.1876018246687048
0.05421652145840268 0.00015595858998266663 0.3658136493374098
0.05890342833822374 0.0010133449908666665 0.21848934760448513
208418.7054026514 208418.7054026514 208418.7054026514
251537.25365273515 251537.25365273515 251537.25365273515
0.092369524631939 2.600048076666666e-06 0.3467654332313961
0.05121404929728342 0.0009153479936666664 0.29656224260958153
0.08214771118113229 5.817101266666666e-07 0.3866704994903172
0.08289178029241769 3.4173586733333325e-06 0.03820500509683855
253089.8785253144 253089.8785253144 253089.8785253144
0.05294568483157425 0.00181279396 0.3888182059123344
0.06426800542319144 1.803634434e-05 0.2063756371049954
2256696229901843.0 2256696229901843.0 2256696229901843.0
0.13103750105922912 9.607250093333332e-07 0.351490825688074
0.07072534609182941 1.49678547e-05 0.4466671763506622
0.40227302252247016 0.41644540376866934 0.07880786952089691
0.05841312381177011 0.0016903074155566662 0.040096605504587046
0.06833883916374997 0.0008632694571829996 0.29701419979612664
0.056879675953058276 0.001960807285333333 0.005152130479103345
298701.59276248765 298701.59276248765 298701.59276248765
0.060182064764783307 0.0011568017897533333 0.12558562691131314
0.09024680412924398 3.9869573166666665e-06 0.07965768603465806
0.06152405117329299 0.0017814413733333331 0.024018725790011963
0.07779699731153378 7.180533099333334e-05 0.13576557594291838
388567.6308188921 388567.6308188921 388567.6308188921
0.07598546098944592 1.4808047989999998e-06 0.1790781243628956
206639.78508324933 206639.78508324933 206639.78508324933
0.05179373174147202 0.0004916964710000001 0.2765859531090711
203750.84522595955 203750.84522595955 203750.84522595955
0.09569730775661914 5.934367716666668e-07 0.1501551885830783
0.09453796254252 1.5161535126666662e-07 0.13833388379204914
214889.7978253479 214889.7978253479 214889.7978253479
224899.902310568 224899.902310568 224899.902310568
0.09161694056101984 3.476864183333333e-06 0.0896116921508674
0.0664230467210383 7.554818533333332e-05 0.39456927624872407
0.05934564667889526 0.00157845315717 0.06241178389398572
224601.4058783552 224601.4058783552 224601.4058783552
0.05765868495445399 0.0003695350937333335 0.04849321100917425
0.09364944060070664 5.645356e-07 0.25310447502548383
0.096078968326609 2.099305631733333e-05 0.1366682364933749
0.05255563499727567 0.0016845700889999997 0.3111496228338435
0.08299271228352707 7.13773693333333e-05 0.02135856269113212
0.052430815520937535 0.0004289618080000001 0.4746249745158
0.05856115396895093 0.0012958316481333331 0.36136897043832805
0.05265720652218341 0.001491550832 0.43508587155963463
0.0681793768327296 2.6553694899999997e-06 0.04855758409786004
0.11735404608974848 8.739016666666664e-07 0.40448515800203766
263486.14509004407 263486.14509004407 263486.14509004407
0.05874762075213598 0.00021758495700000007 0.24004248725789967
245773.63659531114 245773.63659531114 245773.63659531114
0.057460631572248455 1.1640128689999997e-05 0.10806118246687069
0.0693545804794985 0.00017159723459 0.1891650866462804
211528.9755351679 211528.9755351679 211528.9755351679
773307998827.7268 773307998827.7268 773307998827.7268
0.055837331352800036 0.0003715762053333334 0.12239749235473862
0.05649591140532795 0.0007597478420599999 0.18639960244648224
0.06300269830842897 9.625017466666665e-07 0.3171692150866474
329399.83435270115 329399.83435270115 329399.83435270115
0.0959740342166383 2.6612100399999994e-07 0.07321555555555559
0.07118181544043163 2.2342681923333335e-06 0.35035373088684985
0.053100043035010105 0.0013907514358999999 0.4085677981651372
0.08853763463470454 0.00012086191847099999 0.3287370642201841
0.09226769967258207 8.738606552000001e-07 0.2161073088685015
0.07281896880562129 0.0008921016889666663 0.1286836391437305
0.055479790654201645 0.0010309362555466666 0.44055464831804203
26930731812.77608 26930731812.77608 26930731812.77608
0.08062536744672409 1.7786777699999996e-06 0.3817384097859322
0.06084948053560505 0.0006911606991333334 0.15136128440367003
332565.22680937836 332565.22680937836 332565.22680937836
0.05922052247115842 0.001147511894283 0.36035492354740084
0.05769142956909948 0.0018089598351793343 2.3496432210112772e-05
0.0545315422688661 0.001767452470666666 0.07837149847094871
0.08817053049117177 3.5775654799999996e-06 0.0636456167176358
0.0734012804558699 4.1053803766666665e-07 0.42799316004077603
0.09291467840518566 8.860125433333333e-07 0.062009928644240375
0.09488095535162769 2.04206217e-08 0.07006961264016276
0.11017335915012255 2.3801005523333335e-06 0.29412415902140676
0.05679310920523735 0.0007389777194 0.02671432212028524
0.07601046858154517 2.6257844546666667e-06 0.4642999694189618
0.06710497990433964 0.0002829049766666667 0.2373664627930685
0.05769142956909948 0.0018089598351793343 2.3496432210112772e-05
0.08751105679003485 2.186556033333333e-07 0.29259106014271197
288829.2431192658 288829.2431192658 288829.2431192658
0.058130740127508296 0.0009134183549066664 0.09106554536187517
0.09153137597912511 3.2145879999999996e-07 0.2666646177370011
0.05194742132034165 0.0014965893376886667 0.45174123343526995
0.05271244530227888 0.0012953384596666668 0.3691860856269118
0.057571736123599886 0.0014473361364633333 0.011434475025483781
0.05833078208068483 0.0017642001287666664 0.0359316717635072
0.1021918273254337 3.608585570000001e-05 0.43211177370030596
0.0825091431340866 1.739229666666666e-07 0.38237311926605466
0.06361603637851017 0.0014137375026666665 0.02095580020387322
0.0744016889058973 1.5251084509999999e-06 0.22005391437308885
0.059888198703223885 0.0016086110281633335 0.017238542303770643
0.057833755647156905 0.00035590203956666674 0.16965719673802448
0.09942926915166442 2.7359654726666676e-07 0.0033434556574905017
0.058841478941293615 0.0024171339427 0.12539318042813452
0.05711236957084176 0.0022040809254 0.20384518858308143
0.06056987359124532 2.147213409766666e-05 0.40235983690112187
0.09054504239608957 2.115051130666667e-06 0.29251051987767696
0.09200099047771929 1.5933033843333334e-08 0.2276130784913355
0.08195777595782372 3.4956439799999993e-07 0.0639577879714559
0.06399423577531138 0.00013034269132333333 0.03767385321100658
0.3704254197834013 0.5496505580809999 0.3959340978593273
0.06281617845250612 6.488978823333331e-05 0.24139754332313945
0.0536204226575346 0.0006763920443333333 0.1470313455657486
0.06860523664154757 0.00010578155908833331 0.12687522935779905
1334555545663.4385 1334555545663.4385 1334555545663.4385
0.0591823541140846 0.001725330554033333 0.46554060142711506
0.06114988003940335 0.0009528052604933333 0.4674197043832815
0.0614217683825707 0.0003906582014066665 0.41719504587155987
238052.81600407802 238052.81600407802 238052.81600407802
0.05686990791106894 0.00035625175156666673 0.09200636085626845
206032.6452599397 206032.6452599397 206032.6452599397
0.12553142862840308 5.936734e-07 0.32448477064220294
0.05621054022736878 0.0009840273159999998 0.0010087767584110452
0.06027873391729214 0.002335316064666667 0.0724869418960239
0.05295147540249778 0.0012268720525733332 0.27598518858307886
1.7976931348623157e+308 1.7976931348623157e+308 1.7976931348623157e+308
1.7976931348623157e+308 1.7976931348623157e+308 1.7976931348623157e+308
1.7976931348623157e+308 1.7976931348623157e+308 1.7976931348623157e+308
1.7976931348623157e+308 1.7976931348623157e+308 1.7976931348623157e+308
1.7976931348623157e+308 1.7976931348623157e+308 1.7976931348623157e+308
1.7976931348623157e+308 1.7976931348623157e+308 1.7976931348623157e+308
1.7976931348623157e+308 1.7976931348623157e+308 1.7976931348623157e+308
1.7976931348623157e+308 1.7976931348623157e+308 1.7976931348623157e+308
1.7976931348623157e+308 1.7976931348623157e+308 1.7976931348623157e+308
1.7976931348623157e+308 1.7976931348623157e+308 1.7976931348623157e+308
1.7976931348623157e+308 1.7976931348623157e+308 1.7976931348623157e+308
1.7976931348623157e+308 1.7976931348623157e+308 1.7976931348623157e+308
1.7976931348623157e+308 1.7976931348623157e+308 1.7976931348623157e+308
1.7976931348623157e+308 1.7976931348623157e+308 1.7976931348623157e+308
1.7976931348623157e+308 1.7976931348623157e+308 1.7976931348623157e+308
1.7976931348623157e+308 1.7976931348623157e+308 1.7976931348623157e+308
1.7976931348623157e+308 1.7976931348623157e+308 1.7976931348623157e+308
1.7976931348623157e+308 1.7976931348623157e+308 1.7976931348623157e+308
1.7976931348623157e+308 1.7976931348623157e+308 1.7976931348623157e+308
1.7976931348623157e+308 1.7976931348623157e+308 1.7976931348623157e+308
