0.10145751050536606 7.331277766666666e-07 0.3511891233435267
277594.03244988143 277594.03244988143 277594.03244988143
0.05968773095790735 0.0002723371126 0.08276786952089665
0.08739761824129783 2.9489347366666662e-06 0.03540072375127412
0.09368638114630681 2.2020868036666667e-06 0.1170061365953119
319492.80496092426 319492.80496092426 319492.80496092426
0.06515179711293986 0.00013169378266666664 0.07658911314984662
218916.573224602 218916.573224602 218916.573224602
0.07183309120729456 6.654798766666666e-05 0.00010825688073357043
0.05997193193324797 0.00029614290343333324 0.16373928644240499
293628.9075773029 293628.9075773029 293628.9075773029
0.056906924257589545 0.00025075147383333326 0.1603709276248746
0.06063486206164477 0.0011670544076666668 0.05305792048929758
0.05617133404578426 0.0010916969273 0.0835204994903167
0.0568603093827205 0.00017789685766666664 0.22813025484199745
0.06851549354685252 3.7515274666666656e-06 0.317785178389399
0.05457727525263108 0.0020556594733333335 0.06640400611620922
214587.95871559656 214587.95871559656 214587.95871559656
0.05234536782434095 0.0019072827837333336 0.4578413557594305
0.09160003505532044 2.9534439366666665e-07 0.07748055045871594
0.1072411526512409 1.4295037166666661e-06 0.3737333741080531
0.06574748628258398 1.2488222483333333e-05 0.02016134556575011
0.40956847009180664 0.02081325970353067 0.14283550458715633
0.05468945642120737 0.0007517196566666669 0.09324570846075098
0.06441984478608305 0.0005063812953273333 0.050556890927626164
0.10028619918135928 2.8116416300000008e-06 0.3868040163098878
0.07679088864064339 3.2508049501333325e-05 0.013686738022425704
0.0595640871105666 0.0014397890226666666 0.01013171253822609
0.0559524579146865 0.00031979847961033337 0.29356490316004136
0.07386517485387636 6.348245266666667e-05 0.10240987767584064
0.06549342650289121 0.00042735388333333345 0.09872777777777708
0.07296094465801783 0.00462346295 0.08743992864424044
0.09948372505529297 5.132584860333333e-07 0.11043051987767649
0.06760879311841253 1.2116723206666664e-05 0.27557680937818585
0.06112799895896262 0.00048796649233333355 0.1368540468909285
0.056835725886672885 0.0010722690593086663 0.15527480122324144
0.06235326374168541 6.051558014666668e-05 0.20003549439347657
0.05464678479904206 0.002088152153333333 0.033565759429153186
0.052722592343156086 0.001867123708336 0.45751138634046873
0.0603428629878792 0.0006589320449999999 0.02776923547400667
0.06263030775289098 0.0012224093863666668 0.09677448521916299
0.058428722045054116 0.0018961832979666668 0.01304236493374189
0.06207905523768579 0.00018650326360666671 0.17895079510703393
0.054648401216940735 0.001976385018666667 0.041032375127421084
0.05431008884710167 0.0007909367241533333 0.24405752293577976
0.06612973153930546 2.372893975333334e-05 0.07533756371049893
0.053425897273685845 0.0018668691344941337 0.4342842609582074
0.07137405461322821 1.7091123486666668e-06 0.31406297655453663
0.058017831355016175 0.00015603407666666669 0.13381673802242533
0.06254304770984079 0.002370632026966667 0.16241996941896053
0.08810639804944104 6.737101505999998e-06 0.4279133027522932
0.09660435550824423 8.833689693333334e-07 0.11032862385320996
0.06293065261972652 0.00036504131260000017 0.01670799184505567
0.06107651183530575 0.00023893515898966655 0.00035305810397590065
0.05847343297662573 0.0003862737160866667 0.1826666768603471
0.05653784643013019 0.000614739520333333 0.04747958205912228
0.05355841595008684 0.0018831422449999999 0.4705724566768601
0.0798142058514563 9.687385899999998e-06 0.3413254638124341
0.08879611316624439 2.6496755321999997e-06 0.003946574923548329
0.05529573975182255 0.0011864124570583334 0.31052167176350576
203986.0389058783 203986.0389058783 203986.0389058783
0.058428722045054116 0.0018961832979666668 0.01304236493374189
0.0577580910552663 0.0005400746266666668 0.30607062181447375
0.057250793493445674 0.00020014812379333329 0.09942811416921504
0.06109417752802892 0.0004619828584666664 0.048036788990824864
0.0762578662086909 1.400093293333333e-05 0.11334570846075476
0.06657189885631487 0.0011102793239150001 0.07022593272171207
0.0532277890842366 0.00131966082631 0.4555175127421003
314907.8831124703 314907.8831124703 314907.8831124703
215908.43951749871 215908.43951749871 215908.43951749871
0.08023166558681949 2.8220090760000006e-06 0.155148073394495
0.07017748989209627 0.00012150243940000003 0.2768524057084609
0.061959666746282206 0.0006350679001350001 0.23155621814475058
0.059312678330829205 0.0011795226098999998 0.045786187563710445
0.06732268665544475 5.017392089333334e-05 0.08271530071355704
0.08016369225637783 0.0028412296473333326 0.151177206931703
0.05247064719100724 0.0019003602156590002 0.4564411722731907
0.06204355078059587 0.00039396322 0.3439752293577971
0.056120576058939275 0.0005770428279999999 0.40775276248725767
213075.05946313322 213075.05946313322 213075.05946313322
214466.26741420306 214466.26741420306 214466.26741420306
0.05974432269823907 0.0004584636099666667 0.007128888888889406
0.05310452576776003 0.0006112200864099999 0.4723648725790017
0.05713488163895171 5.2913700333333324e-05 0.2063983180428135
0.053270208497188144 0.0018903981599999993 0.4291787155963309
0.05814157983751503 0.0003812502033333333 0.0938408868501539
0.05449622928781098 0.0009150206797733332 0.07128500509683988
0.09445329969298216 6.304155536666669e-07 0.3420134250764528
271010.2404009516 271010.2404009516 271010.2404009516
0.0643300666136889 0.0018542767523333334 0.2519150764525997
216991.3820931022 216991.3820931022 216991.3820931022
0.057304627290929666 0.0007363665619999999 0.1692513149847108
0.07606146480391707 2.8626848033333335e-06 0.4736455453618744
0.06167563868107402 0.0001761216454 0.09646352701325167
0.07037395339631294 2.2663656590000007e-05 0.4093292048929664
0.06519409957460039 0.0006841494309999999 0.33123698267074353
0.07288177131594387 0.004614423506666665 0.09357846075433329
0.06517005271879613 6.751832366666666e-05 0.428384148827726
0.07006730942749251 1.6746954399999995e-05 0.17930805300713581
0.07033266019882689 0.00014211507344899998 0.2660456472986752
0.05648715881007467 0.0007854510122 0.11117516819571671
0.06292433566075413 7.830190599999999e-05 0.25685530071355966
0.05925646795726802 0.0005510909100366665 0.004595759429155688
0.06290194789135761 0.0020791688439 0.4259482670744137
0.0843050863524332 9.493592093333335e-07 0.4555986442405706
0.07448057636595269 6.930314503333331e-05 0.4346707441386348
0.0780390952544763 2.0493295547e-05 0.306569011213047
0.05435378157083847 0.0009216510323333332 0.2553700713557605
0.06539460326793825 2.58445178e-05 0.016814668705401825
388670.6634386684 388670.6634386684 388670.6634386684
0.056714783275580806 0.0005435920539233333 0.3882965137614689
0.056412292211694665 0.0014121846899999998 0.3427648725790027
0.052792526074190375 0.00033159667589999995 0.1506549745157999
0.0610404259346922 0.0003800154081889999 0.41007205912334266
232785.50798504936 232785.50798504936 232785.50798504936
335362.27488956816 335362.27488956816 335362.27488956816
216369.57611281026 216369.57611281026 216369.57611281026
227422.51529051983 227422.51529051983 227422.51529051983
0.08082962337526456 0.006106635285333333 0.09027678899082625
0.07103001126521598 7.229676621e-05 0.2800582772680933
0.053890974795572845 0.0009924968260619997 0.17954056065239454
0.06029733092637175 0.0007170763142899999 0.22319696228338515
338133.59667006426 338133.59667006426 338133.59667006426
0.08567160810964694 5.4828144e-07 0.40417217125382243
0.05732619501451548 0.0006589324056666667 0.012778144750253961
0.05321477837126194 0.0007881902047003335 0.055302996941896776
0.058510128031074096 0.0004821004376666666 0.30787264016309956
0.06671318301549252 8.248047466666665e-05 0.3505019367991844
0.06449315463185652 0.0012247108397346667 0.42382167176350594
0.07578801934090484 5.043619796666665e-05 0.4776769113149848
0.05578529217592221 0.00032620061064666666 0.2060898063200809
0.06171656474708101 0.0001385060263333333 0.2502889194699298
216994.14712878072 216994.14712878072 216994.14712878072
346498.39874277945 346498.39874277945 346498.39874277945
0.060191530208298476 0.00025127536833333337 0.11213326197757345
0.07501540912196891 1.1144811166666669e-05 0.4235853516819583
0.05569886557856055 0.0010408377283 0.06095617737003023
226407.30122324082 226407.30122324082 226407.30122324082
0.06061771573628401 0.00010776087866666667 0.2190065749235468
0.07465984143418292 0.0051101400286 0.0023740061162071946
0.05339897633185349 0.0016602825537766668 0.13987828746177344
368364.30937818607 368364.30937818607 368364.30937818607
0.07509484476400881 3.2508206699999992e-06 0.4568694801223241
0.05596260710328437 0.0006094148122326667 0.15690457696228233
0.0760609218396403 2.505841496666666e-05 0.38091187563710394
281291.6963982331 281291.6963982331 281291.6963982331
0.053053796273741106 0.0006799191166666666 0.46878798165137514
0.05873664470082832 0.000225685031 0.165292874617736
0.06717634752440182 3.0441076852e-05 0.08832249745157927
0.0694368413381489 8.395380503333335e-06 0.0845395005096834
0.05823267526892095 0.0005663293815799999 0.3059398878695192
0.05715534114047356 0.0004177784398266667 0.06508860346585132
0.06825227054165157 3.434450826666667e-06 0.08258529051987695
0.060150220886376074 0.0006693636013333331 0.38786233435269946
0.07521609120824979 9.680672166666666e-07 0.3377007747196723
0.06542848572020155 0.0010051028641266666 0.052218674821609135
0.08720408092182348 3.080555762000001e-06 0.19954076452599434
0.06187100986707923 0.0030041870975199996 0.24508744138633975
0.059127881834776866 0.0005217948753333333 0.07074860346585243
0.06377922885570844 0.002094490276666666 0.052689602446483796
253605.5130818894 253605.5130818894 253605.5130818894
259867.8261977574 259867.8261977574 259867.8261977574
2381392312691.132 2381392312691.132 2381392312691.132
0.1312160662265061 1.319986572033333e-05 0.12604312945973373
0.0764080811893761 0.005663423288 0.0026528032619768105
0.06047073295293928 0.000334842687 0.16771547400611597
221644.9116547743 221644.9116547743 221644.9116547743
0.05371154147451995 0.00033734586313333327 0.24679983690112195
0.05421644935561616 0.0014482738578356668 0.2844198674821605
0.05244086139453685 0.0019237853873599999 0.4570157492354747
0.057952344327861255 0.00027010070508233324 0.19621023445463903
0.05705349421113229 0.0003468335333333333 0.07633202854230259
0.07021251765686254 0.00015077634466666663 0.033874332313965194
314401.9665307507 314401.9665307507 314401.9665307507
0.07254202369527232 0.00013368576920000003 0.07673929663608492
0.07955460957379468 3.7466082333333337e-07 0.285200468909276
0.07536732019080723 0.005645442791333334 0.008057390417941956
0.06485395158677132 7.310223400000002e-05 0.0519871457696226
0.07182708791167765 1.7856411566666665e-06 0.09824067278287396
0.06611144986291768 0.000507048753414 0.1284535677879708
351653.9160720351 351653.9160720351 351653.9160720351
258922.35389058792 258922.35389058792 258922.35389058792
0.09799421984394469 1.953793187666667e-06 0.13675337410805355
0.380557463074197 0.23731834026333337 0.41888496432212063
0.08137916252318295 3.252648366666665e-07 0.36023600407747214
0.05304354577855985 0.00160734534338 0.4346344852191648
0.07753601075256666 0.004923673180333333 0.09755322120285292
0.05333473310651822 0.0023379358145037997 0.42341039755351595
0.07380941652083142 0.0004468423357500001 0.02303084607543404
0.05760166609996498 0.00022885256299999993 0.37517471967380045
236931.4984709484 236931.4984709484 236931.4984709484
0.08838893536142958 9.79744423333333e-07 0.27081426095820627
0.060026488267095626 0.00015641438928666663 0.11119095820591296
0.121213127889304 2.897933e-07 0.34506111111111126
0.084212821629509 2.6770736800000004e-07 0.39950201834862353
0.10155200022135072 1.52862353e-06 0.34894365953109174
206457.58154943938 206457.58154943938 206457.58154943938
0.09686714414187132 8.698856499e-06 0.11243858307849086
0.06788181119751849 1.872488958666666e-05 0.08848850152905241
0.05631718125377201 0.0003155385328 0.32191034658511697
0.07430165173879777 5.652509666666665e-05 0.161181416921508
0.09971344182794398 1.650014467666667e-06 0.13924457696228476
0.05831645240618702 0.0020030398166666664 0.054120897043832716
0.05651843256863465 0.001036549662 0.07984740061162032
0.05270786363728223 0.0022145113974766663 0.4418910091743107
0.07434054931120355 4.5908661467333335e-05 0.22500082568807445
0.06415470220734679 6.554257066666669e-05 0.46392858307848917
0.0580673862207555 0.0008813762527533335 0.3147832517838931
0.07285890281710564 0.0006899131929666668 0.045151641182467284
0.05716838879578778 0.0015678673600000002 0.453707339449541
291137.4362895005 291137.4362895005 291137.4362895005
0.07080010196013903 1.0385567033333336e-06 0.02848479102956114
0.0555770325015702 0.0007218088148386667 0.22647920489296602
0.0702135604109747 0.006824357957333332 0.22887137614678954
0.0685560697854374 1.3839748713333332e-05 0.30246916411824776
0.05358539299145977 0.0005894905026866667 0.0842111824668712
0.08832272422411738 9.1879713e-07 0.4352841284403681
0.06227727767430227 0.0005549861823999999 0.02289068297655339
0.05472234114453259 0.00016865515566666668 0.16512030581039738
0.07253328172859015 2.230738407133333e-06 0.13430100917431131
0.06497650062027038 0.0005731341366666666 0.25118811416921627
0.08516479786529414 1.3929543953333332e-06 0.153002986748215
0.057471054291933214 0.00046050857702333335 0.37200062181447624
0.05798208194375002 0.002562641416081466 0.07242312945973417
0.07553654564591605 0.0035240567899999992 0.14466793068297523
0.05244086139453685 0.0019237853873599999 0.4570157492354747
200259.53533809015 200259.53533809015 200259.53533809015
0.05660433013002193 0.0012404894666666667 0.12514812436289535
0.07409131280455308 1.7710671000000007e-05 0.2759928848114157
209468.3103975532 209468.3103975532 209468.3103975532
259697.30716955496 259697.30716955496 259697.30716955496
0.0930423709498246 5.940730823333332e-07 0.334727604485221
0.06421531169922368 4.379219566666667e-05 0.3366175535168203
0.06163737939669414 0.0006154070919999998 0.04133207951070261
0.08433304182963748 3.0135406483666664e-05 0.21413408766564812
0.06959393510659347 4.95771436e-05 0.11573190621814433
0.08481568888847375 9.079297807333331e-06 0.09121993883792001
0.05319075457280297 0.00016415557639333335 0.3073739347604465
0.05562378237459971 0.000749835809 0.41233121304790954
0.06030347666575745 0.0004695902991333335 0.03405801223241456
373940.8214407067 373940.8214407067 373940.8214407067
0.059938151678663454 0.0004897795759233333 0.0033882772680939865
0.07187071566736024 1.2692853333333331e-05 0.3869441794087658
0.053656946301903645 0.00163707873356 0.3709140876656476
0.06351305348903076 0.0009879982945 0.09752080530071439
0.10342255518012844 3.99904664e-06 0.42184995922528046
0.0775753762526717 1.36499988e-06 0.43659560652395624
0.08988792265058126 8.133670023333333e-06 0.017734291539244218
0.06665419103526689 0.0046554471200000004 0.27833132517838965
0.08171856726661411 3.0247775999999995e-06 0.14859634046890857
0.05747188434753066 1.7823745333333336e-05 0.06114557594291625
0.07318745478991653 1.4691696166666665e-06 0.0494429459734973
0.09483858095558857 7.129055886666666e-07 0.4073778797145762
0.05872142939344567 0.00013295357699999997 0.0984339959225271
0.062085149496515106 0.00046718710999999987 0.14944914373088647
238215.6515460412 238215.6515460412 238215.6515460412
0.06650171745957167 1.853879350666667e-05 0.13830033639143702
0.054075318677437645 0.0005507846189999999 0.3675848114169229
0.055351846778132166 9.455901633333335e-05 0.18047601427115056
0.05772710639592781 0.0018035303693333333 0.020485107033639594
0.0651120360278219 0.00030405255899999996 0.12094640163098846
0.07301880646757049 2.5835645199999993e-06 0.34513835881753296
0.05565190893946692 0.0009473117279333332 0.03914718654434335
0.07071773348651063 2.81870607e-05 0.01014498470948011
265754.6423717292 265754.6423717292 265754.6423717292
0.06321532287628176 0.00048371965033333343 0.024077003058105007
0.10080788452687273 1.3811984619999997e-06 0.12113049949031662
0.051902856513554196 0.0007584872745133334 0.4468216819571853
0.07942092563338801 3.0868151979999997e-06 0.32895432212028597
230148.1651376146 230148.1651376146 230148.1651376146
0.07168050908144262 7.735075486666666e-06 0.39869143730886725
0.05996810659992206 0.0005873371818080001 0.03699615698267067
0.08398072940333268 3.426241033333333e-05 0.386866829765546
0.07655967356236884 0.005861293510333334 0.013627441386340866
0.059647396455799265 0.00042803983033333335 0.1698780326197733
0.06492169994899244 0.00046772725426133326 0.31246089704383406
0.05819542216459184 0.00040668530933333336 0.08521650356778832
0.07443706838282696 2.389695133333333e-06 0.1942286544342502
0.07259145357418006 4.926546812333332e-05 0.3850017737003055
0.08091077456507859 8.973737693333333e-06 0.024615769622834183
0.05480459456904622 0.00028846270808833327 0.006078807339447767
0.05799564701046092 0.00014937339089999996 0.1729355657492353
0.07197566918488987 5.560758484333331e-06 0.0013344444444438608
0.09041170447006541 6.260427826666668e-06 0.17679483180428157
0.06604908842003228 0.0009291629999999996 0.15999250764526174
0.0609266033236916 0.00012131618128333334 0.1229582364933739
0.06048830947465658 0.0003135062896666667 0.06273744138634063
0.05732301994119049 0.0005006414193333333 0.24693872579000997
0.052806313394280574 0.00048386592566666657 0.4285890010193696
0.06281627355213018 0.0002945417650639999 0.028488674821610882
116116645.00509684 116116645.00509684 116116645.00509684
0.3678012543886102 0.06761136663333332 0.4565453109072384
0.054436745066047336 0.001212853848613333 0.46894512742099925
0.07441989177345198 2.717043941666666e-05 0.24986761467889895
0.07744596974018939 9.140392262333337e-06 0.4048674821610587
283690.8256880736 283690.8256880736 283690.8256880736
333304.9396873931 333304.9396873931 333304.9396873931
0.0646973269120662 0.00016594617769333337 0.13906508664627992
0.057386329761984024 0.0005239664865666664 0.08606946992864462
0.10586364375195592 9.470385220000002e-07 0.2546244852191655
0.06773060552809976 7.287645466666666e-05 0.3854102752293582
0.05499697837181734 0.0005259005695699999 0.02818126401631016
0.09668324917747134 1.5023047260000002e-06 0.034258348623851465
0.061414591455406245 0.0004008439218333333 0.18061690112130568
0.07076911647450046 8.364907832333332e-05 0.23807927624872693
224865.0654094455 224865.0654094455 224865.0654094455
0.06721453233220853 0.00029393001641879994 0.08112178389398439
0.052741427216723105 0.0004927475756333332 0.17325382262997024
0.1067157014048844 1.811084123333333e-06 0.21712788990825604
0.06895411773803553 4.2013158666666664e-05 0.057676717635066765
0.054312409965619285 0.0007737755205359998 0.2613677370030576
334753.26622493996 334753.26622493996 334753.26622493996
0.09070102777484433 1.3159922733333332e-05 0.45178130479102996
0.0568933577337044 0.00026259326763333323 0.09604889908256897
212864.02480462097 212864.02480462097 212864.02480462097
231676.41012572215 231676.41012572215 231676.41012572215
0.057301798670418874 0.00018590139026666665 0.07840934760448537
0.05957832285506273 0.0005258505215096667 0.20002815494393422
237959.98980631982 237959.98980631982 237959.98980631982
0.08826256019657044 2.4917234463333332e-06 0.005435331294596946
218697.11179068952 218697.11179068952 218697.11179068952
0.07641995897902867 1.5231700666666665e-06 0.3281867686034654
0.10395794686771727 7.710874520000001e-07 0.11937350662589363
0.05656057147439986 0.0013013071102766665 0.20197524974515657
0.0616443966024972 0.00017543829948333335 0.18631807339449535
0.0717415331129538 0.0002646528909466666 0.060133557594292064
0.05823885776721556 0.00017912428707 0.0805338124362911
0.052688399644714425 0.0020325647336666666 0.3105353414882783
0.09754649061919543 2.5736356999999997e-06 0.2395613557594296
0.0586699802789904 0.00036934421000000005 0.14061333333333348
0.08485318337320824 2.5859773566666664e-07 0.39072648318042935
0.11016116466521486 1.3753682677333334e-06 0.3531321712538231
277190.0271831469 277190.0271831469 277190.0271831469
0.06026355796769123 0.0002442483646666667 0.029041702344545506
0.0682063377211299 1.0817277475666665e-05 0.0895715494393472
0.06379766508545506 0.00017976588559699995 0.259931396534149
210690.3244988112 210690.3244988112 210690.3244988112
210886.59531090758 210886.59531090758 210886.59531090758
0.07055339426836205 0.0005520808300000001 0.024315596330275913
0.0659978474497482 4.9775626666666676e-05 0.11073079510703421
0.061561547043247566 0.0014873824366666666 0.044812477064220424
0.10300010782763061 5.043010833333334e-07 0.12016374108053007
206554.95667686098 206554.95667686098 206554.95667686098
0.06903130880837074 2.638253168333333e-05 0.07374374108052972
438617.29102956183 438617.29102956183 438617.29102956183
231456.73632347918 231456.73632347918 231456.73632347918
0.06282578420820835 3.805414166666665e-05 0.03158316004077388
0.05307862824462957 0.0004891401879999998 0.3094002344546385
214232.27573904156 214232.27573904156 214232.27573904156
0.09615943499414988 5.783375056666667e-06 0.32750441386340556
0.0676982652802558 0.00010318967386666665 0.019226850152904262
0.08060229119997153 0.0001098131844666667 0.21710626911314934
229360.00254842016 229360.00254842016 229360.00254842016
0.07219039240410503 2.9508856599999996e-06 0.2810991845056079
0.0649602540801251 0.0003729518210000001 0.2571893068297668
0.0658729743387958 3.712300203333334e-05 0.05250077471967485
311802.11094121693 311802.11094121693 311802.11094121693
0.054316660165078114 0.0007279556036733331 0.3973073496432207
0.06727599245786749 2.62687914e-06 0.2659730071355759
0.0748629716515993 2.585979285399999e-06 0.1626820387359822
0.05866223527524446 0.0006114437413333332 0.05853569826707439
0.06127072941452523 0.0009617286433333328 0.473118501529054
238061.58681617462 238061.58681617462 238061.58681617462
201747.1755011895 201747.1755011895 201747.1755011895
0.052651468345333845 0.0018914044966366662 0.4584666768603469
0.057968469627056 0.0007454135890000001 0.4560815902140676
229918.36136595233 229918.36136595233 229918.36136595233
0.055127420375879255 6.503974200000003e-05 0.12129761467889733
0.37290200876320273 0.6318990006933333 0.3793313863404708
0.05373913524852372 0.0018848678642333328 0.3894320081549445
0.05651305822563453 0.001109544179835 0.04841375127420866
0.0665604175615467 0.00015978893057799998 0.10745327217125533
0.07962836671034648 1.575261973333333e-06 0.3832146687054028
348885.2871219843 348885.2871219843 348885.2871219843
0.05315783552137683 0.0007084978183333329 0.048107247706421497
0.056746652214841986 0.0006088892091333334 0.27242071355759423
0.059987264530631926 0.0003996031733333333 0.05622972477064092
0.0623201852880576 0.0003322417288333333 0.2716921916411823
0.06741649935742607 0.0001933439579023333 0.09130396534148799
0.05867394824660166 0.002202088924433333 0.2544514373088691
205446.41097519535 205446.41097519535 205446.41097519535
0.06063906237346073 0.0008993756388533333 0.218072721712538
0.05867455380719111 0.0009035002129236668 0.3184993883792049
0.10074728588383426 1.2468352911566669e-06 0.11403647298674757
221283.0020387362 221283.0020387362 221283.0020387362
0.05244086139453685 0.0019237853873599999 0.4570157492354747
0.3702377722580552 0.12115318372624333 0.08963544342507745
0.061624965267665366 0.00024879533933333325 0.08093294597349576
372538.9356099216 372538.9356099216 372538.9356099216
0.05323411517991246 0.001864278155265666 0.45960348623853164
0.05514636030801215 0.0010731860066666664 0.10884606523955043
0.05975404835467538 0.00044993892999999996 0.16077273190621888
0.05505293868887036 0.0008946274089666665 0.024049347604485405
278186.8331634387 278186.8331634387 278186.8331634387
0.05502337516398011 0.0016216063487803337 0.3398868807339439
0.05484027239020402 0.0015219453305999999 0.2892764525993874
0.07208337368820271 9.317921266666665e-07 0.2645850152905198
0.085530136992354 3.747691549999999e-07 0.3972887359836901
0.08308052516638816 0.00016827809080666663 0.35032095820591236
0.08321889009640673 3.2160368803333335e-05 0.13533862385320994
0.0669418624668289 0.0004076596356666667 0.08287059123343621
0.05988226037864496 0.00043479928645333326 0.012025759429154625
263451.64797825314 263451.64797825314 263451.64797825314
0.05655982816445167 0.0004959482334833332 0.391232048929663
258761.78219503965 258761.78219503965 258761.78219503965
0.06909745973764454 0.0001590948929333334 0.36787594291539305
0.058879937998648026 7.684947883333332e-05 0.013951406727828797
0.05760436576338516 0.0024847405000000006 0.2926606422018341
0.053088304204464976 0.0022116084452820004 0.44165719673802295
0.37136651853641217 0.327635394078465 0.4690958817533115
380806.40502888174 380806.40502888174 380806.40502888174
0.08240763736973822 4.0718031400000005e-06 0.09916022426095816
0.08473329811771202 1.773914276e-06 0.3462689704383277
0.0975171105520894 1.1707892e-06 0.0027503465851168585
342316.3990825687 342316.3990825687 342316.3990825687
0.058501783228600925 6.722611566666667e-05 0.235251641182467
208804.78253482847 208804.78253482847 208804.78253482847
220597.59599048577 220597.59599048577 220597.59599048577
0.057913458185026426 0.0011948577404333333 0.35686393476044787
0.06159304174036462 0.0007271960272133334 0.0955392252803251
0.06858925175156971 5.828299453333334e-06 0.037064678899082715
248907.8831124708 248907.8831124708 248907.8831124708
0.06368950530724682 0.00016733604733333335 0.17763516819571867
0.08817010009138773 6.01702067e-06 0.04743852191641329
239554.2770981991 239554.2770981991 239554.2770981991
338260.02803262003 338260.02803262003 338260.02803262003
299196.6318382599 299196.6318382599 299196.6318382599
0.08561257353164975 5.285794466666666e-07 0.2781137920489303
0.06100468791227549 0.00035076546666666663 0.07890272171253754
288132.3606863747 288132.3606863747 288132.3606863747
0.05772340515005625 0.00035599857066666654 0.026453160040773582
0.1237392782724993 3.261864666666666e-07 0.3359573904179407
0.07053348246346783 2.475328213333333e-05 0.17990333333333375
0.07913650487112703 6.166475027333333e-05 0.05556416921508589
312832.1907917091 312832.1907917091 312832.1907917091
0.0691005002811127 6.306555833333331e-05 0.24558600407747289
0.0716627730922248 0.0005592338531999999 0.416630061162081
0.05810313923715878 0.00037932493903333314 0.02700504587155983
0.0560564789709167 0.0008790188298933334 0.12394517838939789
0.06467215878717306 0.0011799645342999998 0.09633734964322116
0.06795869199910942 0.00014023842800000005 0.4214955453618756
0.07958008152014502 2.565630142323333e-05 0.3641544342507643
0.06452517854510423 0.00021920554733333337 0.2304812334352695
273076.4950730546 273076.4950730546 273076.4950730546
0.06135619461096638 0.00037825109123333314 0.09176738022426001
0.059599785048755405 0.0004500571341666666 0.004738899082570303
255349.29068977185 255349.29068977185 255349.29068977185
237010.90723751285 237010.90723751285 237010.90723751285
208124.72816853545 208124.72816853545 208124.72816853545
0.06043439950919638 0.0015089931033083336 0.2745873700305794
0.06737498209906712 0.003656871376666667 0.12658504587155983
0.06311183475197071 5.0796822533333334e-05 0.06333814475025434
0.07620810490061139 9.019759692466666e-05 0.1993455861365967
0.06316954604201452 4.147255733333334e-05 0.2245756676860351
0.08355865130981946 3.6099907859999996e-06 0.06239940876656558
0.05817538783855487 0.00025475440448666665 0.1989422426095815
0.08002211090944955 2.4997771299999996e-06 0.37410875637104946
0.0607490162091762 0.0006236597639999998 0.3041123343527019
0.06109902418017091 0.00041524794272333347 0.044713690112131665
0.05540039470279526 5.412919199999999e-05 0.3708622935779813
0.06947419311272765 0.0006360794405066666 0.02531231396534306
0.08337418040979545 2.087672193333334e-06 0.3788988277268097
0.06320871141552342 0.0004966673199399998 0.07998711518858403
231071.65307509404 231071.65307509404 231071.65307509404
0.10268438962705623 7.342902226666666e-07 0.22544650356778861
201657.31821270872 201657.31821270872 201657.31821270872
0.06196196629477868 0.0007712160000000001 0.07167506625892006
0.06150476813751004 7.371671666666667e-06 0.041437563710500225
0.06356436414742284 0.00011815025395999997 0.015310387359836586
0.05768791072570863 0.0007699590957220001 0.16154531090723712
0.08892378662507619 7.189042166666667e-07 0.2773371049949036
259756.42201834882 259756.42201834882 259756.42201834882
0.058751194806284913 0.0002106336640333333 0.06698826707441352
0.07322275172592763 3.197367476666666e-06 0.038219714576963604
0.09368623248145072 2.06198717e-06 0.393483353720693
284918.8710499486 284918.8710499486 284918.8710499486
0.06582019179719696 0.0004593750963666666 0.00113276248725791
0.062125377947129905 0.0011431754336333332 0.43471385321101064
0.07714952658428123 2.599141936666666e-06 0.03666760448522055
221717.54162419323 221717.54162419323 221717.54162419323
0.055019481753261136 0.0012674244316099995 0.1425796330275242
0.0805042707679984 3.153565056666667e-06 0.10052459734964359
207915.40944614328 207915.40944614328 207915.40944614328
0.055456832083585574 0.0006993006486666664 0.38218573904179287
0.05741620969500841 0.0015268756585733333 0.04559299694189578
200840.40944614357 200840.40944614357 200840.40944614357
0.06011365470744223 6.930571035333331e-05 0.07781361875637138
0.05572983405577495 0.00038907112337116675 0.18262499490315998
0.0591182000734779 6.205824766666663e-05 0.00026389398572845835
0.054310153400284444 0.0013186240101933336 0.2964572680937816
209372.17125382257 209372.17125382257 209372.17125382257
0.05823603923109373 0.00036298232338 0.12247212028542265
0.09393620324906196 5.660260413333334e-07 0.3451931600407745
0.0718962423111948 5.5535064876666664e-05 0.26923221202854375
265694.46568127786 265694.46568127786 265694.46568127786
0.06094127042904262 0.00016361929156333334 0.20809989806320095
0.05519729201124072 0.0009897721857466668 0.03594731906217996
0.07365698551441587 0.0007916300993433337 0.005175127420998571
234804.0180088352 234804.0180088352 234804.0180088352
0.057920001036143476 0.0017282184433333335 0.47403508664627925
0.12309463429793666 2.2684980566666667e-06 0.43832904179408705
209676.43985728823 209676.43985728823 209676.43985728823
201147.92728508334 201147.92728508334 201147.92728508334
0.08488680616137184 5.6713570400000005e-06 0.014386860346585983
0.05870628610257426 0.0013024587249999997 0.00037494393476134036
361931.5409446147 361931.5409446147 361931.5409446147
207982.63676520556 207982.63676520556 207982.63676520556
0.08696325271782915 6.782430766666666e-07 0.3650626809378186
0.05523971088127329 0.0014079469853333338 0.24604211009174293
0.10179317500419632 5.852603866666665e-07 0.40391081549439445
0.06766051013902226 1.650948662666667e-05 0.269323812436288
0.36997747490699934 0.5060602798368665 0.43615693170234415
0.058494331603972397 0.0004319149429656667 0.051787604485219685
0.06174968958761928 0.000372684756 0.038740499490315994
0.05566103001289402 0.00082744852082 0.14962788990825704
207578.90332993612 207578.90332993612 207578.90332993612
244416.0168195715 244416.0168195715 244416.0168195715
233055.20302412484 233055.20302412484 233055.20302412484
0.05741663298555677 0.00012431287966666664 0.03610661569826723
0.05494292879160704 0.0008602085330133333 0.4274025484199804
0.07653148373649264 0.00019256584800000004 0.31933494393476236
0.07746703781406694 6.650736016666667e-06 0.052541019367991826
0.06717057827395834 2.1526129900000007e-06 0.22334805300713567
0.0794868437723728 2.2904088933333334e-06 0.4753873700305815
0.2692084197040497 0.0009182075196633333 0.06881941896024468
0.05953372316559802 0.00014806804899999995 0.012750305810397933
0.06042329662140177 0.00045607974909999993 0.0037675025484200653
0.057681372575739534 0.0011372686066666666 0.22847803261977528
0.38395053364462434 0.506327190742732 0.04785583078491262
0.07053695349206468 0.004236142509999999 0.30586985728848193
0.06592163808781422 0.0004876921432652667 0.10077384301732861
0.05594353710583162 0.00043135411520666664 0.04555181447502443
0.058745998190539606 0.0003434851129105333 0.10392065239551496
0.05969586241416195 0.0004417283008666665 0.018171824668705483
0.05685206280633407 0.00032826175533333325 0.12427761467889953
0.3772632172906788 0.11758396783333329 0.31406240570846355
0.07879623595024055 0.0046874656962999995 0.16890429153924646
0.06235738601257623 1.4422606500000001e-05 0.03796327217125306
0.0615298783339544 0.0009282692882230001 0.14982228338430215
0.07371295666410001 1.7226236552666667e-05 0.37192117227319077
0.06404199655674914 0.00021351187333333335 0.27555569826707504
0.07486319398806673 6.239832563333333e-05 0.04738848114169292
0.05554425040380221 0.0011462686060866665 0.2196499184505618
0.06964474707772313 2.3271366666666657e-06 0.3698862385321098
0.05154917007379444 0.0007179698190866667 0.46236226299694305
0.05801395028806877 0.0011199560651266665 0.3382352395514787
0.05649900332337224 0.0005865207631999999 0.15784335372069513
0.07072656854259576 5.391350374133332e-05 0.05959114169215063
0.05711330860752835 0.0006303195566666666 0.12195939857288352
0.08829083563284763 0.00010180317696666665 0.27247766564729936
0.05619091389914421 0.0020010150593333335 0.4378736187563712
0.053986418989023156 0.0013862505387626665 0.3609976452599395
0.06795934070587328 2.4854579079999995e-05 0.2871091743119272
0.06052453167341432 0.0008313675721733335 0.12751813455657635
0.0540119391154709 0.001058154366566667 0.1607270234454643
0.07452862211981848 5.673504933333332e-05 0.16305918450560597
0.06843402653393985 0.00024556970959999997 0.2538164525993869
0.08973173096972396 6.12580673e-07 0.12479587155963356
0.06208870488163856 0.0013826795199999998 0.3014401223241574
0.06484008398728276 2.0582230833333324e-05 0.060872772680936826
0.06514969628709924 0.00018838609909633332 0.014606534148827954
0.06729127551913597 0.0045474670266666675 0.07498920489296612
0.05245180595030374 0.0007165862606166666 0.47302398572884696
0.08923040820638624 9.669245896666665e-07 0.1647734760448527
0.05422529872709151 0.0007394249566666666 0.22196875637104974
0.06574449590343859 3.4440835160000004e-05 0.02089847094801245
0.05919165553200633 5.54768895e-05 0.21386647298674832
0.06379049329253557 0.0007858000799999997 0.16476554536187615
0.05315725711713992 0.0006777567116333329 0.2426754128440365
0.06020807899200238 0.0009620799797999997 0.18221216106014237
0.07389512115202135 2.4510933333333324e-06 0.42626461773700264
273896.6190961602 273896.6190961602 273896.6190961602
0.05883336030734283 0.0013814027931 0.2681234250764519
0.05566205851540651 0.0020072452778896665 0.39084163098878655
0.055451361176529185 0.0005070239572266667 0.22333732925586025
0.07834586065290271 6.391159638000001e-05 0.4653818552497446
203185.0195378866 203185.0195378866 203185.0195378866
325442.32925586123 325442.32925586123 325442.32925586123
0.061284661194352046 0.000188973606 0.20481205912334266
0.057568535311548076 9.451311333333335e-06 0.006263843017330739
0.06150069471503472 0.0003675963262333333 0.19040774719673736
0.08373379750804955 5.01890511e-06 0.006620316004077864
0.057940053830598304 0.0018144318100000003 0.10238580020387378
0.06259007331057365 0.00014145473533333332 0.14402271151885948
0.06515824194540343 3.3953791569999996e-05 0.024661549439348285
0.07395810642129008 0.0050521344999999995 0.06610035677879811
0.05949704529452915 0.00047904764924000005 0.13379395514780867
0.06491179645910872 0.0009370852731000002 0.14523543323139698
227858.2059123344 227858.2059123344 227858.2059123344
0.05296151185357415 0.002190498461556666 0.4714185117227312
0.058021857689510695 0.001206618837333333 0.10836100917431235
0.06248775278527059 0.00064938775888 0.2702293577981649
0.07736967354194364 0.006177042815 0.1377089194699277
0.05180428188183454 0.001059990210995666 0.06713969418960142
0.0595640871105666 0.0014397890226666666 0.01013171253822609
310382.0378865104 310382.0378865104 310382.0378865104
0.05829437698168467 0.0001337505653333333 0.05755452599388278
0.06139768257134648 0.00021256580142666666 0.06939673802242652
0.3711793976629714 0.4703760406275133 0.41285067278287624
0.05326969613457721 0.0014816388066666664 0.4354433129459738
0.37557206656266695 1.136119795240613 0.3282482161060143
204910.1427115183 204910.1427115183 204910.1427115183
0.06356912063816007 0.00033394693051333333 0.17331363914373066
0.07160636526743368 1.2928257643333331e-05 0.04996251783893957
260174.42660550494 260174.42660550494 260174.42660550494
0.36869288479614076 0.41449952108301924 0.4326267278287439
0.39643939546619134 0.36505297722106667 0.0374463200815498
215098.5431532455 215098.5431532455 215098.5431532455
0.05275734648747891 0.0010593489925333334 0.02864902140672676
0.07614677765951845 3.0782576933333343e-07 0.32165179408766376
0.08484437104243661 1.0379405500000001e-05 0.30545430173292587
0.05550486242322335 0.0002816741969333334 0.03672847094801224
275050.8961943595 275050.8961943595 275050.8961943595
0.08463280473849116 2.9444783109999993e-06 0.030259245667686674
214089.62368331608 214089.62368331608 214089.62368331608
0.08505645051847421 3.320386027033333e-07 0.4238076860346578
209361.89262657257 209361.89262657257 209361.89262657257
0.05875425703011901 0.000694983693333333 0.12962698267074346
0.08320358336004044 2.0316216733333336e-06 0.43896257900101987
0.06216216810487695 3.206494999999999e-05 0.006458939857288293
0.05477679410464412 0.0008227731789699998 0.09449782874617707
0.07511014949555775 1.3628673939999998e-06 0.26807067278287455
0.1099695230035226 1.1708290987e-06 0.27513384301732824
0.052240717810222215 0.001343752902126667 0.1609204791029537
0.07168050908144262 7.735075486666666e-06 0.39869143730886725
0.08752863442577614 2.4685928694e-05 0.39368061162079604
336859297.7828746 336859297.7828746 336859297.7828746
0.08380477107461895 6.0419605066666645e-06 0.44198573904179494
0.05245516259513038 0.001771088756095 0.4548781447502539
213271.33876996173 213271.33876996173 213271.33876996173
0.07862686065001974 2.2756538046666664e-06 0.07106299694189744
0.07272979863212972 0.00011555704209999999 0.27076318042813474
0.061534245609785224 0.00039922785713666686 0.04476505606523906
0.08634955964585223 2.0346368729999998e-06 0.06318493374108058
0.06067346235183279 0.00042506805101666666 0.020621600407745966
381866.3651036357 381866.3651036357 381866.3651036357
0.05244086139453685 0.0019237853873599999 0.4570157492354747
0.07866223036708504 0.003663460523333333 0.21649401630988674
0.07408921575906549 1.7629415066666665e-06 0.2556817940876672
0.07258724464163986 3.6355007899999994e-06 0.2622082364933749
0.05629594773785961 0.001779804626533333 0.2500561365953109
0.055375176184315415 0.0008640053859266669 0.1649665443425068
0.05422437521925867 0.0007273679369999999 0.4706008562691144
0.05798947594706327 0.0012985390262166665 0.031386320081548735
0.0823837971936487 5.667938966666665e-07 0.3943418042813467
0.07136117894388527 0.0009739986976666665 0.19086051987767538
0.05846109948739009 0.0006305022429999999 0.06797731906218152
0.08485318337320824 2.5859773566666664e-07 0.39072648318042935
0.09948372505529297 5.132584860333333e-07 0.11043051987767649
0.11552347786228902 3.9717712558666663e-07 0.178532130479105
0.06936635564307259 7.883833998666666e-05 0.31035280326197734
0.06945426412325376 0.004696074316666667 0.024730682976555673
0.05559774607810774 0.0019231094000000005 0.247097308868502
0.08485318337320824 2.5859773566666664e-07 0.39072648318042935
0.055621788451449376 0.00017639983536666667 0.36841111111111147
1.7976931348623157e+308 1.7976931348623157e+308 1.7976931348623157e+308
0.05662457212559846 1.6009908973333328e-05 0.1262521814475046
315080.3346924905 315080.3346924905 315080.3346924905
216970.22595990557 216970.22595990557 216970.22595990557
203568.06829765585 203568.06829765585 203568.06829765585
0.056179376578468346 0.000792078257707 0.10905373088685044
0.05902495423796346 0.0011663593263263334 0.28581478083588197
0.058692925638345675 0.0005065712984099999 0.4184083180428133
0.052664042005480804 0.0020287493245066666 0.46538021406727736
0.05475374230764085 0.0014025512043333334 0.08329385321100746
0.0802041087565527 0.00013678699519999998 0.016305198776759067
0.061876970703163336 0.0012974438548000002 0.11340858307849011
0.08473329811771202 1.773914276e-06 0.3462689704383277
0.05799191917610583 0.0002946017680666665 0.010222201834861444
283317.52888209285 283317.52888209285 283317.52888209285
0.06764645227745776 1.604194656233333e-05 0.14741250764525926
0.08469171319496778 5.589953393333333e-07 0.10287746177370005
0.05228244430799263 0.0003869131343333333 0.32242600407747046
0.06833932693219831 6.936508956899999e-05 0.35006342507645316
0.06234594155345796 0.0007566225877766666 0.3590136595310911
0.06241025903302784 0.00043040460686666663 0.002254770642202253
0.06078093522799029 1.8721126889999995e-05 0.09337067278287448
317424.1675161403 317424.1675161403 317424.1675161403
0.07637580755061742 0.00024464781647766674 0.20189408766564743
0.05849297235535703 0.0002440177913333333 0.20018818552497386
223031.57492354774 223031.57492354774 223031.57492354774
0.07446617560882385 0.003956658466666666 0.05340735983690159
0.06612393643716244 0.0010185519047519998 0.23280028542303732
0.08294298944974182 3.0921079960000002e-06 0.43137575942915296
304098.2076112804 304098.2076112804 304098.2076112804
235443.25093442088 235443.25093442088 235443.25093442088
0.07053348246346783 2.475328213333333e-05 0.17990333333333375
0.058530141636508604 0.00034183719756666675 0.12811396534148978
1307140182492.3547 1307140182492.3547 1307140182492.3547
0.06145599440778837 0.0015730795586333334 0.05206678899082595
0.0534676192272342 0.0010041639401706668 0.2517508358817522
0.057875981312389614 0.001313872724954933 0.24100033639143703
0.08808113855010494 3.691852033333333e-07 0.20052441386340458
247973.2161060144 247973.2161060144 247973.2161060144
0.0737501279383248 0.00020705325220000002 0.41587679918450515
0.0605652980235897 0.00024825390503333336 0.08166871559633115
0.05912415502059676 0.0009733107566666667 0.30525199796126357
0.054299291988216696 0.0011439942309396667 0.20142384301732985
1628505.5130818891 1628505.5130818891 1628505.5130818891
0.05796199016294537 0.0003074201899999999 0.006106901121303299
0.06356946350489275 0.00011349351544666662 0.01539728848114219
0.06465631000170549 0.00012882817605333328 0.33471779816513747
0.06518298129554626 4.0431639073229984e-05 0.2595935066258921
0.06583801714127609 0.0004686439918859998 0.1058576452599378
0.052744667380525814 0.001813874692766667 0.4287591946992855
0.07010441528814784 0.00145155631355 0.2819581753312943
305263.7444784236 305263.7444784236 305263.7444784236
0.06106323431553384 8.686281566666664e-06 0.03442466870540173
0.05957033936866918 9.739781333333334e-06 0.0333050050968402
0.059519652281139646 0.00042867159899999987 0.20438412844036735
0.05670348609014534 0.0008175197301280001 0.11853599388379088
219507.2417601087 219507.2417601087 219507.2417601087
200293.82008154984 200293.82008154984 200293.82008154984
216005.51308188954 216005.51308188954 216005.51308188954
0.05893228953515987 0.0007118820706666667 0.28737661569826534
0.05999008156329414 0.0009666516408499999 0.21853017329255886
301767.9748555894 301767.9748555894 301767.9748555894
0.06870295952693369 1.7434052266666664e-06 0.005058195718654179
0.05795306238941881 0.0009804635002704 0.0020210601427126385
0.07077996644258384 0.003721648186666667 0.08321558613659441
0.09280892944034963 1.9942692499999997e-06 0.11395055045871594
0.058385178044525546 0.00081183901726 0.2833997451580017
0.06665357344088477 3.791022240999999e-05 0.3902139959225286
0.055204497275128474 0.00022626523303333323 0.364046085626911
0.059997959897742106 0.0002918907020666667 0.06976292558613784
0.09078361272410876 2.034479186666667e-06 0.02864524974515792
0.05351216977259291 0.0006968593805266666 0.21456184505606535
356263.7827047235 356263.7827047235 356263.7827047235
0.05376644001498465 0.0006814535566733332 0.4698703058103968
223124.4563370711 223124.4563370711 223124.4563370711
0.07184962159904147 7.030168464999999e-05 0.25691430173292495
10881117748.895683 10881117748.895683 10881117748.895683
0.05831758536919096 0.001432885675193333 0.029562884811416446
0.05630368398050293 0.00013037337696666666 0.30168509683995914
0.07607029042139742 2.216761226666667e-06 0.39935548419979616
0.06076947930874791 0.0005134713411733333 0.33402669724770506
0.06139768257134648 0.00021256580142666666 0.06939673802242652
0.07464057740217689 1.3413196933333337e-06 0.22868114169215126
0.07133126559557149 8.961861033333329e-05 0.30215175331294475
0.368637487225345 0.2547172009084466 0.24298347604485127
0.06107438014659775 0.0002815956676666666 0.0727986748216094
0.05581357455855455 0.0006897711143666665 0.060041946992865025
0.058140650251309545 0.000550483232294 0.3137848318042802
250459.85389058755 250459.85389058755 250459.85389058755
0.05729150748933516 0.0003801198147879666 0.12244015290519927
0.060517370242975654 0.004504406773333334 0.3071657084607531
0.08928452290531386 2.930807086666667e-06 0.26181693170234377
0.10154314375251772 1.1883653143333336e-06 0.15251755351681728
0.05526282071235544 0.0004829740899999999 0.464967278287463
0.060664552004477026 0.0005679550721333334 0.20816326197757284
0.07147351385940832 2.8722561299999993e-07 0.08148482161060189
0.05928960821341836 0.0010398730261000002 0.022290642201835187
0.05244086139453685 0.0019237853873599999 0.4570157492354747
0.11076727440381065 1.0883140426666666e-05 0.26599553516819574
0.10083308455614269 1.2370521124999999e-06 0.11975810397553532
0.05422437521925867 0.0007273679369999999 0.4706008562691144
0.06120503957756832 9.768355299999995e-05 0.011892181447503258
0.10085331142799228 2.347658758333332e-05 0.3182168093781872
223579.50220863032 223579.50220863032 223579.50220863032
0.08045952788741065 4.143568240000001e-06 0.22836370030581055
0.0646973895632994 4.017472430333333e-05 0.21368891946992896
0.05779464114340608 0.0002691172409666667 0.43198349643221157
0.0635141934092146 0.00039134653809999993 0.36778554536187613
219176.76265715293 219176.76265715293 219176.76265715293
0.12108765567213181 4.628790566666666e-06 0.355205249745159
210680.64475025493 210680.64475025493 210680.64475025493
0.06616064400015331 0.00010418189666666667 0.19619769622833916
0.05738854477096403 7.392711733333334e-05 0.030300091743118873
0.0678229372174179 0.0009253949099999999 0.32853715596330346
0.08004247785635632 1.017737027333333e-05 0.40676698267074474
0.060150461934994216 0.0006747489153666666 0.12061745158002202
0.06218154746877409 0.0005180497725666667 0.20228973496432134
0.05566205851540651 0.0020072452778896665 0.39084163098878655
0.06279533146350824 4.497241921666667e-05 0.06736682976554498
0.06729127551913597 0.0045474670266666675 0.07498920489296612
0.06142875106750141 0.0005799289319999998 0.2504648419979607
0.058929828659951694 0.0002945904203333333 0.3482583792048932
304939.39857288456 304939.39857288456 304939.39857288456
248922.1117906899 248922.1117906899 248922.1117906899
0.06414141916803406 8.815991183333333e-05 0.16728830784913296
0.06425547641811358 7.590548433333337e-05 0.23100022426095812
0.08603584804471054 3.7224227499999994e-06 0.3877231600407751
252867.6817872917 252867.6817872917 252867.6817872917
0.06184944505232484 2.5025715663333342e-05 0.06943638124362916
0.06285793468819452 0.00024721045433333337 0.29183586136595263
0.1560934249641181 0.0003288539298333333 0.18835607543323185
215657.07611281014 215657.07611281014 215657.07611281014
0.057836907834483434 0.00013441717899999997 0.10115951070336404
0.0805242692873331 4.426830304666666e-05 0.3348892456676853
0.06128603312230932 0.0006794807528333331 0.12574838939857136
0.06652499057417512 4.6713115000000006e-05 0.14533349643221083
0.06099266477248443 0.0014021268677125631 0.19792181447502522
0.07363201148427226 9.426631335333332e-06 0.33288748216105857
280653.8438668027 280653.8438668027 280653.8438668027
0.058037231152293714 0.0016379252029999998 0.06084228338430231
295675.8622154263 295675.8622154263 295675.8622154263
0.09495024227881946 4.285168554666666e-05 0.31040058103975454
0.05731648233139526 9.280617999999999e-05 0.08246231396534043
0.061056069711929964 0.000423842275 0.04276050968399536
0.08875515080796514 6.133087866666667e-07 0.32264090723751204
204237.44903159956 204237.44903159956 204237.44903159956
0.05613954155430541 0.0004412685840000001 0.4788213149847085
254902.52718314665 254902.52718314665 254902.52718314665
0.07655393170332368 3.1390937066666657e-06 0.07190965341488154
0.07092045257249457 0.00022882589133333328 0.09696425076452586
246894.55487597667 246894.55487597667 246894.55487597667
0.056961108369226736 1.2349567833333337e-05 0.03146474006116273
0.06740258018169323 0.00013130304066666666 0.27524638124362877
0.055880948843623005 0.0014135814548942665 0.38536938837920376
0.0731421161909448 0.00042590014275333324 0.4174402548419984
227545.5784913354 227545.5784913354 227545.5784913354
202920.502038736 202920.502038736 202920.502038736
0.062250631570873294 0.0039233875949300015 0.42567462793068245
0.055026394936883806 0.0008355205166666668 0.1361145973496427
481561.8459055389 481561.8459055389 481561.8459055389
0.05997779780930475 0.00047213212683333333 0.11199493374107883
0.06515146363204996 0.0003109139988999999 0.18669762487257868
0.08073284041549691 1.2816755151666663e-05 0.23450106014271377
0.05547094818927385 0.00040711409153333335 0.45311102956167204
0.07397026093208003 1.2594055475666665e-05 0.34409985728848014
0.09491709634096371 3.08177966e-06 0.16447903160040767
0.05313286579508735 0.000711470644333333 0.04615247706421943
281456.9614339112 281456.9614339112 281456.9614339112
0.05278314320324691 0.0008461472539100001 0.339788083588175
0.0630199373654774 0.0011464551743333327 0.380288073394496
0.0966475231563089 2.859861743333333e-06 0.33342841997961203
0.05374178160365668 0.0012005054412166666 0.13709493374108161
324693.7011552837 324693.7011552837 324693.7011552837
232891.56472986762 232891.56472986762 232891.56472986762
0.11574823520966589 0.0016385093266666664 0.34443880733945065
235498.22460074766 235498.22460074766 235498.22460074766
0.05416456463516431 0.0008513554413333334 0.4641940265035669
0.054723534570897986 0.0029072046701341067 0.3974406422018344
0.05980802761321409 4.7044897999999995e-05 0.04124708460754434
0.08149114469887855 2.3669511833333325e-06 0.23465791029561656
211175.67533129433 211175.67533129433 211175.67533129433
0.07878478738175743 2.1192951533333327e-06 0.007436004077471026
0.05687046571359218 0.0005349732061816668 0.4565294903160031
0.05322682819672279 0.0010437565733333334 0.1654045158002031
210067.73700305825 210067.73700305825 210067.73700305825
0.06898698423015169 1.8675006833333335e-06 0.33357387359837043
0.07055461672054948 1.3263063113333338e-05 0.2631321406727847
0.05809353394076462 0.00031661399336533334 0.005185637104995866
143322173636.59528 143322173636.59528 143322173636.59528
214059.6670064565 214059.6670064565 214059.6670064565
0.07175893457041711 2.2022812594666665e-05 0.07918027522935711
0.05915594436068235 6.372591333333331e-06 0.05187492354740142
258076.20200475733 258076.20200475733 258076.20200475733
0.05564016465466818 0.00031751682666666665 0.30941839959225526
0.074940125053683 0.0009635312175299999 0.11645731906218204
0.06285013656130936 0.0002696826897666667 0.1521422324159034
1956282891.4373088 1956282891.4373088 1956282891.4373088
0.059327897303655244 0.0020808739886666663 0.20702465851172347
0.05304073829275964 0.0014723045533333334 0.2201695718654424
0.08841632991395683 1.044448303333333e-06 0.41946331294597283
0.062839102083819 6.221832885000001e-05 0.1056162589194698
0.06203518752407755 0.0006962769409973333 0.4550851885830771
0.06284161196269136 4.786287801999999e-05 0.05657289500509588
0.06963766453687928 0.0014562000471999997 0.1259587359836889
0.09180217213607132 1.6382604698766665e-06 0.01364172273190567
0.06158798295177621 0.00015204863266666665 0.19194804281345634
0.08037475631933783 0.00017911608475333328 0.3244304587155953
0.05461501846197725 0.0007993225267 0.014581467889909216
0.06709686219695221 1.6148097866666667e-05 0.11353863404689113
216566.055045872 216566.055045872 216566.055045872
0.05504967033074707 0.0010378714960033331 0.2953838939857274
233609.91760108707 233609.91760108707 233609.91760108707
214647.23071695535 214647.23071695535 214647.23071695535
0.06699674861403984 2.789059856666665e-06 0.2388513557594294
0.08049119414019508 9.329895866666666e-07 0.40687133537207054
0.37859908833188155 0.6808045791699999 0.43463325178389356
0.3860782555557693 0.012837650938023666 0.16575049949031584
0.12309463429793666 2.2684980566666667e-06 0.43832904179408705
0.06344353271372086 0.0006720428360666668 0.38374450560652384
0.0650085070079778 0.0008498921255000002 0.12343721712538214
215731.73632347953 215731.73632347953 215731.73632347953
0.08936628030628713 3.2322761366666664e-06 0.012392028542304256
0.06015873011765619 0.0003735480253333333 0.2579556472986755
0.08673964390159072 0.0024509076537599997 0.2524695922528024
0.09253134465301985 2.4316965403333326e-06 0.08763605504587124
0.07823877911640933 5.024796873333332e-05 0.21307546381243547
0.08226018808700822 7.801177233333333e-06 0.39619190621814493
0.06386976127109636 0.00012281580626666665 0.38406630988787027
0.05341073230966312 0.0007532450306699999 0.28120959225280373
0.10983383172195096 9.762012040000002e-07 0.3233017635066262
0.0550167570625587 0.0024461964421466664 0.3881456778797139
0.06038396409816267 4.537411666666666e-06 0.08441529051987695
0.054494887381849336 0.0012961532153333334 0.3020239857288467
0.06319491052417266 8.417043666666664e-05 0.05555163098878735
0.07603310592992248 3.188008636666667e-07 0.26292085626911144
0.05330712341479593 0.001979967396506667 0.3523388073394491
0.05364625296513699 0.0008033559223333333 0.4756192966360855
0.052651468345333845 0.0018914044966366662 0.4584666768603469
0.09695048031016132 1.7030969499999996e-06 0.08516831804281377
225413.15409446106 225413.15409446106 225413.15409446106
273010.6099218486 273010.6099218486 273010.6099218486
0.05686476591356067 0.001371658407 0.23574479102956225
0.08679861277770176 5.543791133333333e-07 0.10702329255861454
0.06652362107045631 7.027713313333334e-05 0.1617251274209992
0.07337937146264484 1.81279795e-05 0.4163395005096848
0.05531389175842434 0.0008209441646900003 0.0709367380224255
0.0975171105520894 1.1707892e-06 0.0027503465851168585
0.06432398755779785 9.976596216666663e-05 0.07597717635066292
0.06736591725296633 1.1774600666666665e-05 0.15096249745157886
0.07575905452336858 4.588833733566666e-05 0.4647760550458726
0.05540039470279526 5.412919199999999e-05 0.3708622935779813
0.08817010009138773 6.01702067e-06 0.04743852191641329
0.06057025452033078 0.0024465918655 0.2812759021406732
0.0774550628853794 2.75459274e-07 0.2312782466870531
0.05385916541594093 0.0002019316736666666 0.2581358715596336
0.06105851981939525 0.004479199933333333 0.19213980632008187
0.05416063040363535 0.0020892279266666665 0.15936680937818481
0.4113937817012217 0.44701418860442793 0.3246145667686031
0.0714237962557166 0.003012992158666667 0.04757383282364902
0.06484218433569547 7.696817543e-05 0.27152447502548416
0.05770398481980225 0.0006977128666666665 0.2729786544342496
0.07360464611161013 4.35964167e-06 0.29446055045871633
0.056528871534836836 0.002148737768999999 0.452863455657492
0.06462407366198278 2.161996422666667e-05 0.11256129459734909
0.06200566679811355 2.976558266666667e-05 0.13023150866462885
0.06956634108629592 1.5089923413333332e-05 0.24977639143730945
0.09280892944034963 1.9942692499999997e-06 0.11395055045871594
0.08525054291573533 4.088934035566666e-05 0.43958751274210073
0.06426958537891347 0.0007205020249999999 0.1352464933741082
0.09261873437884954 1.6980297030666672e-06 0.13547332313965343
0.058324567821674056 0.0009753482078999997 0.17075064220183434
0.07601693398508672 5.303298043333334e-07 0.25873303771661504
0.05741166574759096 0.0006822895418133336 0.2432247400611618
0.05685206280633407 0.00032826175533333325 0.12427761467889953
0.07478652764531675 4.571852123666669e-06 0.25401254841998
0.06977711370779419 0.0038098793500000003 0.006631620795107374
0.10357977827552103 2.398452898333332e-07 0.03308568807339496
0.05868954436630927 0.0014421559067766658 0.033738562691130625
0.10076133497833713 4.1296747820000015e-06 0.40364104994903216
0.05707201410683978 0.0005079555789973333 0.4775528236493365
0.0852924380777847 1.963295423e-06 0.16704765545361955
0.10900823083784597 1.2038924153333334e-06 0.24205079510703342
0.05454471885914754 0.0016267910069999998 0.3801723751274202
0.05611735077019138 0.0007102787466666665 0.08537833843017362
0.058274953671169305 3.969998589e-05 0.2613220897043833
0.05221483226763394 0.0009745745216666663 0.4759674108052998
0.06023871058170105 7.049654785000004e-05 0.1811690927624885
0.11276865871145898 1.1631243510999997e-06 0.2962698572884803
0.10369667752666022 9.689559306666664e-07 0.17285693170234495
0.06341429520731064 0.0006152199813333334 0.19132934760448572
0.12309621605453867 6.679283980000002e-07 0.4619052293577979
0.06107601795441915 0.001429571892 0.011940285423037711
0.05432483811412884 0.0005789328068666665 0.031406758409784796
356746.6955487597 356746.6955487597 356746.6955487597
0.05940085219636019 4.489141333333334e-06 0.10970327217125542
0.09429723349459547 3.4388519063333333e-06 0.2269969520897046
0.09527489843653243 4.2307477766666666e-07 0.035572334352701684
203764.9464831801 203764.9464831801 203764.9464831801
0.05789606982587591 0.0001111280193333333 0.040318562691130655
0.06177373838035212 4.552235485066666e-05 0.07373830784913249
381496.83571185847 381496.83571185847 381496.83571185847
248817.1890927624 248817.1890927624 248817.1890927624
358036.2130479104 358036.2130479104 358036.2130479104
278356.39653414936 278356.39653414936 278356.39653414936
255336.88837920464 255336.88837920464 255336.88837920464
0.38287306515309943 0.9653365613909999 0.01904346585117045
0.1086874025375372 9.765478636666668e-07 0.31889639143730886
0.07355896038547027 2.9441315733333326e-05 0.4170867584097875
0.06219896827806948 0.00042162202730999993 0.1124612742099913
272527.20013591624 272527.20013591624 272527.20013591624
255641.19520897034 255641.19520897034 255641.19520897034
0.07147351385940832 2.8722561299999993e-07 0.08148482161060189
0.07721771043881294 2.101088948e-05 0.04262140672782966
0.0631587280087061 2.4500385049999995e-05 0.11607772680937867
0.05621410726008772 0.001467345608746333 0.20520461773700216
226918.13200815482 226918.13200815482 226918.13200815482
0.05904593926557766 0.0006521265106666668 0.34989907237512785
0.07141360234826635 1.5494719716666664e-06 0.17252340468909377
0.0641588924367192 0.00016494929896666667 0.24427729867482117
0.05784359685341792 0.00010515958066666667 0.00236773700305859
0.06344535744938924 0.0002747666593666666 0.061304750254842943
0.07244168446786614 6.862792301e-06 0.060180387359837884
220458.32059123315 220458.32059123315 220458.32059123315
0.07603089067252303 1.5415210299999998e-06 0.36611889908256945
0.0591862857064999 8.278207469999996e-05 0.21858394495412803
0.07293900134336358 2.6687746733333334e-06 0.007555932721710068
304044.85643900745 304044.85643900745 304044.85643900745
0.06532365216873344 0.0001949725497333333 0.16828092762487268
0.12392142356517549 4.1926902700000004e-07 0.34476309887869494
219750.33129459765 219750.33129459765 219750.33129459765
0.05687675656883654 0.00037486934853406663 0.10824522935779646
0.053737101203211395 0.0007589008149499999 0.19943606523955193
0.05399757852803292 0.00036611226258666664 0.46192399592252764
411328.8438668028 411328.8438668028 411328.8438668028
0.055830124333700305 0.00022622690900000003 0.25539154943934905
372785.11722731934 372785.11722731934 372785.11722731934
0.05675859535512509 0.0006465157193166667 0.195031467889907
213005.6022765885 213005.6022765885 213005.6022765885
0.062388923268997476 3.0942524743333336e-05 0.33102339449541374
0.058099877617060036 9.7557147e-05 0.0016520591233439852
0.06165605189014545 0.00024376262966666664 0.0013420285423042522
0.07499192644827087 2.5576706433333333e-06 0.394086055045872
316577.5526673459 316577.5526673459 316577.5526673459
0.05376513645750165 0.0010647379031599998 0.15219439347604613
0.05971255329905707 0.0005043728313333332 0.33316562691131457
