0.055684860428149865 0.00019292373899999996 0.3517580428134566
0.0810030479650103 6.822627523999999e-06 0.016370448521917158
213489.23292558597 213489.23292558597 213489.23292558597
0.1090383945635082 3.863699019999999e-06 0.4417917838939862
0.08988727671951138 4.3828280233333333e-07 0.26263174311926507
0.0534225592471077 0.00039984416686866673 0.029656218144750834
0.06995828452359243 8.713142699999998e-05 0.14577494393476043
464277.0599728161 464277.0599728161 464277.0599728161
0.08375826809768766 5.082691176666666e-07 0.23387726809378284
0.07072401778094606 0.0001712211901333333 0.0351335779816524
204719.15137614615 204719.15137614615 204719.15137614615
0.05827941518277239 0.00026918466638799985 0.3362810499490303
278546.80598029244 278546.80598029244 278546.80598029244
0.055905414768463405 0.0021268902376999996 0.1448629255861369
0.056429512747544514 0.00022474100594666656 0.05608855249745126
0.05327114999965479 0.0014345156866666664 0.007766564729864367
0.05337552181126744 0.0011228249680999998 0.38280134556574774
0.06375355290466944 0.00012187218485999996 0.3065099898063215
0.07788618466709563 9.08989745333333e-06 0.09950414882772618
0.06813117585037531 0.0006312642340663331 0.007131580020385719
230183.35032280057 230183.35032280057 230183.35032280057
0.05336147650448212 0.00016257976233333328 0.16250650356778795
0.05382779420572692 0.00121862888633 0.21140093781855107
254690.54536187486 254690.54536187486 254690.54536187486
0.06941355849008127 1.650406843333333e-05 0.16167327217125393
0.10078812443468935 2.376002538e-07 0.0016264220183490607
0.05529978949267825 0.0018740945888333336 0.36319017329255887
261124.79612640204 261124.79612640204 261124.79612640204
0.058258048794005826 0.001522024566933333 0.18201794087665668
0.059149651215846255 4.6290866333333324e-05 0.08493611620795072
0.06813459007976155 2.281840853333333e-06 0.17527213047910406
246519.89466530667 246519.89466530667 246519.89466530667
0.09998496290111494 2.0921870066666663e-06 0.0361015596330283
0.05778602171983327 0.0001963724769466666 0.29627903160040736
0.11303082835440498 2.5740557466666673e-06 0.328914984709479
0.10476829146279246 5.698167740000001e-07 0.12670375127420996
0.07034812485660127 0.0003762036173913333 0.2964977471967378
0.059444726392223604 9.228122004000001e-05 0.07325688073394554
0.07098995604588372 0.0009806492063543332 0.40501759429154083
205200.91318382637 205200.91318382637 205200.91318382637
0.060746506526876666 0.0009886762780666664 0.3297988786952075
0.05852439776040559 0.0009989670127366664 0.19104718654434283
0.05968308007757091 0.00012946703833333333 0.35046897043832725
0.059829168553724846 0.0011717049599999998 0.05211069317023531
0.052852157650459176 0.0012380248067666666 0.18342290519877702
0.10042868173637437 2.3826854683333332e-07 0.000866167176350352
207540.9318722399 207540.9318722399 207540.9318722399
249085.02803262035 249085.02803262035 249085.02803262035
0.05934848087738009 0.0006221991009733335 0.17255251783893977
0.08619337445967457 1.5376827833333326e-05 0.040763995922526775
0.06854980380054346 0.0003828697066666666 0.22153149847094866
0.054378716488723715 0.0007058448373999997 0.3657236697247699
0.10294410546611832 2.557905143e-07 0.009779245667685288
0.09624324270874939 5.673979323333333e-07 0.05547776758409784
267567.8134556576 267567.8134556576 267567.8134556576
0.058903282210811606 0.0002341199382029999 0.20059642201834826
0.0630805069604325 6.38484848333333e-05 0.047554311926603976
0.05255666646715376 0.0005030895442 0.09323717635066187
0.05661680082903031 0.0017702667121756665 0.053170886850152144
0.05502331805586558 0.0016585026633333332 0.4345123343527
0.05236561458276534 0.0005284516592 0.33683450560652384
0.06192671151161806 5.248310691333333e-06 0.43534138634046826
0.06113754220204322 0.0006667630889333333 0.08046380224260918
0.06718525616639 3.635561035333333e-05 0.24041022426095848
0.12152189657975679 2.5180897e-06 0.29428834862385456
0.05385215676157462 0.0006400380524466665 0.03464513761467991
0.058020252322522795 0.0005235065455 0.2368509683995934
0.055451631941445825 1.674824483333333e-06 0.2476390927624874
0.060109333443129104 3.504623014999999e-05 0.03015297655453475
218183.30360176697 218183.30360176697 218183.30360176697
0.06458256573822685 6.694312195e-05 0.05954783893985649
0.054679110620527396 0.0014850378493333335 0.3020400917431192
270199.9447842336 270199.9447842336 270199.9447842336
397826.12130479066 397826.12130479066 397826.12130479066
0.08517332656693302 1.3579922070000002e-06 0.39478708460754275
0.06384102159379768 3.299038619999999e-05 0.16091316004077605
0.06973122218097885 0.0014402199598233334 0.16109579001019414
0.06105046832706577 5.49630041e-06 0.1255155555555545
0.052883222064795045 0.0003484055883333333 0.32734380224261006
0.05558198165810416 0.0005885348142333331 0.42421166156982615
0.057263790571067924 0.00025364105699999997 0.0762759429153892
0.0589353612649417 0.001849087641793333 0.17975129459734873
0.060119728378779616 0.0004441841150000001 0.4100869113149872
0.05684011196614816 0.0009720889762533331 0.07761068297655527
0.07522065808649583 2.1033726918999996e-05 0.016973241590216848
0.05258374296464019 0.0007681209865399998 0.01793186544342884
0.06243689312798657 4.7946782e-05 0.1586021508664639
0.053084975226862945 0.0002481979683333333 0.4525364627930677
0.07232787983520361 4.997114365333332e-06 0.4464558511722738
221660.41879035014 221660.41879035014 221660.41879035014
0.060856542616079534 0.0011740609780333331 0.16680685015290386
0.07199806627915982 3.178719700533334e-05 0.1422415902140659
0.053397501687158545 0.0016539063333333333 0.110796778797146
0.07422117642643584 1.0783324466666664e-05 0.12047610601427072
0.07720568502724126 4.510975000000001e-06 0.43534773700305673
0.0641302392745984 0.0004766584243066669 0.19256454638124243
0.05331312514137154 0.0004608352620333332 0.3166477471967375
0.08517536140875155 1.6470804399999992e-06 0.06104827726809381
232604.8335032279 232604.8335032279 232604.8335032279
0.05872432993271366 0.000554469345 0.14398387359836828
0.08432642176420131 3.2929637199999993e-06 0.10160990825688199
0.05360809279715505 0.0007360791039999997 0.07723380224260845
0.09027520903390003 2.4884639733333325e-06 0.1211373292558604
0.054045955544224415 0.0004795265836666666 0.11288483180428122
0.08205335762924999 1.0698926220000003e-06 0.10833279306829757
0.0627718139677298 0.000803623179 0.2749450560652402
221161.09412164465 221161.09412164465 221161.09412164465
0.06205222074926479 0.0012561199543633336 0.15704100917431196
0.060468700901259435 0.0002779278979796667 0.23193759429153848
282414.9422358144 282414.9422358144 282414.9422358144
0.08563036028924094 2.8958820916666666e-06 0.1184371355759426
224685.35083248376 224685.35083248376 224685.35083248376
0.08677796456001732 8.962967659999999e-07 0.10406512742099894
0.05853537336498796 0.0009359593272800002 0.07285268093781916
0.08507978401200611 3.1676267300000005e-07 0.39204013251783953
0.05796220075236639 0.0005434772042333334 0.21458491335371965
0.059960021373521105 2.390311170000001e-06 0.12140702344546339
0.07623762846623637 0.00030075669767216657 0.4469334352701324
362195.40434930363 362195.40434930363 362195.40434930363
0.05981059714245962 0.00035589537466666657 0.3411560754332328
0.06219905648320411 4.202841762333334e-05 0.36871724770642134
0.07521903941972843 0.00038034168057833335 0.35251785932721624
0.061931462818793616 0.0005017248702633332 0.4563589398572889
0.0959222194754002 2.0010485200000002e-06 0.14259699286442462
0.059762574597221785 0.001456737145666666 0.08178482161060119
200005.83588175246 200005.83588175246 200005.83588175246
0.05315939614940949 0.00248467169243 0.424661080530071
258678.181277608 258678.181277608 258678.181277608
0.061388995504616406 4.616357033333335e-05 0.3137754638124357
370630.02463472605 370630.02463472605 370630.02463472605
0.07342154302106044 4.403168966666667e-07 0.10890062181447435
0.053424317752504294 0.0009992551705900001 0.18896103975535317
0.05279297266397394 0.0013454904405714998 0.23141160040774622
0.08120079336458966 1.9749249353333336e-06 0.08843389398572965
0.09185615806534404 7.189097173333331e-07 0.37431224260958196
0.06153816984835884 0.0007252578266666667 0.3788885117227312
0.09368073688352141 2.7923833899999994e-06 0.4499699694189605
0.056665949585712874 0.001340288226 0.06306332313965468
0.06064833738304683 0.0012759479049033334 0.1698419571865437
0.05443672379695226 0.0003452083211666667 0.0756276656472985
0.07995075161813614 8.323717539999997e-06 0.10614981651376132
0.07824019073412765 0.0001751444512533333 0.46605585117227344
0.09962191944447776 3.534677346666666e-07 0.09325432212028462
0.07085324269931914 1.8359772126666664e-06 0.25333613659531196
0.08221112610212207 0.00024853991127266663 0.33304689092762496
0.06508718320904727 6.276166666666666e-06 0.017082252803262143
0.06470205823308058 0.0002712773901099999 0.13186174311926546
259780.26248725815 259780.26248725815 259780.26248725815
0.06483616548470879 2.5957000903333336e-05 0.3714808256880753
0.05370732586858339 0.0006600916652666666 0.403819622833844
0.37638448973003824 0.3636782206905666 0.07180345565749269
0.053058460927146424 0.0011218248676666668 0.23664296636085735
0.07985677836892349 1.7788960566666663e-06 0.13651010193679936
0.05404955046140854 0.0007365982994656665 0.21232582059123484
0.06356748635336429 0.0007722295761777168 0.4616373496432211
0.059887577718740787 0.000624064785588 0.08784863404689025
0.08941573943215336 6.286660420000001e-07 0.04059451580020346
0.05778601473901053 0.00039480307733333336 0.060395423037717055
0.1049137744890903 1.968719284166667e-06 0.09991880733945013
0.055045806631902686 0.0013327160668666666 0.21850624872579028
0.05397628626095807 0.0006576796387733333 0.05584008154943865
257375.97689432558 257375.97689432558 257375.97689432558
205349.19724770595 205349.19724770595 205349.19724770595
0.07063893310964504 0.0008769879999333335 0.43952960244648276
0.05348273584240774 0.0015281349083333337 0.4550390519877685
251768.39959225283 251768.39959225283 251768.39959225283
0.06098979909836895 0.00020561106000000005 0.1388858511722728
0.05603143123287031 0.0007150267569999998 0.3322084097859319
0.05566574800951532 0.0010865088729799996 0.12694908256880755
0.08495573663437817 1.2840376633333331e-06 0.3508714678899083
0.07066725941913565 1.044170740666667e-05 0.09602446483180227
0.05499892223141011 0.001503103196 0.041722538226298234
0.08762776876693171 1.5973631996666668e-05 0.09940181447502638
0.0726991386828963 0.000483842383284 0.45731932721712454
0.05844034079927707 0.00121205655423 0.005214678899081893
261197.60448521888 261197.60448521888 261197.60448521888
0.05333272066404489 0.00048090318733333306 0.32627305810397633
0.10255512449958484 9.24310228e-07 0.06157322120285569
310576.80513081886 310576.80513081886 310576.80513081886
0.10389357064903454 2.14329523e-06 0.1401185321100904
460617.41420319444 460617.41420319444 460617.41420319444
0.07085597882694761 2.853108876666667e-06 0.2307707645259942
235922.24770642212 235922.24770642212 235922.24770642212
0.05757830547994598 7.571714066666668e-05 0.026551610601426745
0.0561995323490182 2.6284939533333336e-06 0.24848071355759416
0.05265261984787028 0.0010598023238366666 0.12543142711518884
2040963011.3829424 2040963011.3829424 2040963011.3829424
314223.1439007814 314223.1439007814 314223.1439007814
0.3709248553425042 0.32458556272214795 0.31094488277268084
0.06906605070520784 5.626249454000001e-05 0.047184464831804274
0.07013551333202846 3.959228583333335e-06 0.1306575331294617
200445.2429493715 200445.2429493715 200445.2429493715
0.09329003046887621 7.771481556666666e-07 0.3822909480122325
0.07107079244645723 1.552047266666666e-05 0.3415863608562679
209692.42694529356 209692.42694529356 209692.42694529356
0.07700909917767843 5.526304633333335e-06 0.4090860550458708
0.05217734906443468 0.0005128376091333333 0.3283094291539248
0.07666738284071557 0.00017042170756599993 0.37494982670743937
0.057438295777583706 0.0006740241300000002 0.45124786952089635
0.0883590633281841 6.915301457333331e-06 0.3594939857288475
0.057142847608486314 8.816715663333334e-05 0.1387623445463828
352482.6240231056 352482.6240231056 352482.6240231056
0.08289455482221775 1.4015161866666665e-05 0.14435763506625987
0.05535439523233028 4.199081733333332e-05 0.37464305810397525
0.05217586017917071 0.0010739514972276669 0.11805942915392276
310073.12691131525 310073.12691131525 310073.12691131525
244609.17006456008 244609.17006456008 244609.17006456008
211493.62895005086 211493.62895005086 211493.62895005086
0.08991019525288102 1.925349282666666e-05 0.29210635066259005
0.06989559390851947 3.956388396780001e-05 0.074973027522935
0.055445593284983476 0.0006601386487333334 0.20047017329255912
0.11616406838523055 1.1190961999999998e-06 0.32537888888888933
0.0764788848017522 0.00034447355651933336 0.26589566768603357
0.05193845358548317 0.0012122618382153331 0.23153491335372056
0.07226087955473122 1.9159595266666665e-06 0.12881364933740924
0.05402887299172391 0.0013072341650666665 0.1020172375127415
0.3998208770059207 0.10342983506800396 0.14521810397553425
0.053001729830567834 0.0011082464506125666 0.22519249745157932
0.07191375327783966 0.0027028042763333326 0.2192423241590209
0.06014011209660811 1.59276263e-05 0.2659751783893993
0.06217582943529068 0.00010857036724333333 0.31896697247706296
0.07343410634376768 0.00053161093104 0.23400439347604562
0.05501854978053936 0.001441736810453333 0.05883658511722656
0.05452419406784048 0.0022038462019333335 0.2853328440366978
0.06085128431428788 0.0010680212506100001 0.03460713557594142
227680.20727149185 227680.20727149185 227680.20727149185
0.0554666893987988 0.0005152471027666667 0.2701397145769615
0.06314148156342987 0.0004202390596500001 0.13065647298674765
0.05204007768825483 0.0004942966056666665 0.24988190621814343
0.056186394163064625 0.0007808954376346666 0.033023261977574325
0.05269518288575184 0.0007488888699333334 0.4614074311926597
0.05516002418362394 4.369575643333334e-05 0.2084172986748225
0.07185481931274135 1.6490061848999995e-05 0.22705164118246746
0.05332527008117253 0.000322723348 0.3960803261977577
0.36464620642464 0.16377082673799748 0.3093127930682975
0.05850846784464066 2.092671112e-05 0.00945455657492511
0.1058491381744951 4.596549843333334e-07 0.2537737308868504
0.05259449608120125 0.0017113368633333331 0.41051646279306686
0.07712652688027218 3.000166063333333e-07 0.23693853211009142
214868.67991845048 214868.67991845048 214868.67991845048
0.06950138373098813 0.00020107513735666664 0.360150509683995
0.05777174253715696 0.0007099048510333333 0.08641758409785805
0.06279333179020696 0.00010833138428433333 0.04980208970438316
0.06034966071155922 0.001574580543133333 0.0885747910295609
0.055604746861499035 0.0007880884993333333 0.0710004689092778
0.0537114016318632 0.002026808774566667 0.20342450560652248
0.059020006298672614 9.728736533333335e-05 0.1464383995922529
0.37029164125254793 0.44461661406066677 0.3440541692150858
0.053395832849371064 0.0008452641291000001 0.45485820591233583
0.06565970523684828 0.00023469338100000003 0.19061787971457722
0.05264925531453601 0.0002775724456666665 0.4023685626911311
0.05404068921073986 0.0008844349723899997 0.1547921406727828
0.0606443294387284 0.0007274494412500002 0.11522034658511648
0.10387671411450206 7.252246763333333e-07 0.12824120285423035
0.06106065551796583 0.00041974810920079994 0.06271247706421867
0.08364538872542229 1.5168346073333332e-05 0.08824570846075375
0.10255394663938713 2.8556752413333336e-07 0.03597201834862451
0.07198113438021377 8.003916813333333e-05 0.1140444750254841
0.07729391688753724 3.7425936343666666e-05 0.31593024464831787
0.056836565497341944 2.0074252099999995e-05 0.08819908256880726
0.12173474898489851 3.337468999999999e-07 0.25092984709480204
259632.78967040492 259632.78967040492 259632.78967040492
0.0627906414721225 0.002426762558802333 0.08055264016309982
294626.7286782197 294626.7286782197 294626.7286782197
0.0646251829878578 0.0011919911865366666 0.1399545565749234
0.07916044416969992 1.1365481633333332e-06 0.05516503567787989
0.0888764812659509 5.360135193333334e-07 0.09587399592252766
0.057077344508305886 0.00042241128276666667 0.23318523955147707
0.05285183469681364 0.0008286470529333336 0.4467717227319068
0.05810088054864352 0.0005200467521999997 0.18920367991845133
0.05428207364850082 0.0011732955232 0.07376348623853257
0.05305762033990072 0.001590220466666667 0.09516441386340757
0.06308625942978063 0.0015646766615166666 0.11717979612640184
208225.94291539254 208225.94291539254 208225.94291539254
0.07000774849458027 0.0003403945019999999 0.11138929663608499
0.0529789012147381 0.002705213139 0.4143702548419981
0.05514606979244355 0.0009587316836466665 0.018797930682978414
0.05366529154332248 0.0005561795432200001 0.019118603465849926
0.05897114998136125 1.4109694333333328e-05 0.1868496024464843
0.07358849438312808 2.201663944333333e-06 0.00942067278287384
0.09089693341667074 1.228285630333333e-06 0.07161931702344493
0.05275991805992275 0.0003645851907333334 0.3508380733944949
0.09036521181217448 3.856238840000001e-07 0.4348739755351676
200770.02208630578 200770.02208630578 200770.02208630578
0.09214681639870133 2.4557197399999996e-07 0.07964352701325206
0.06504891387337071 2.1968453999999996e-05 0.07765111111111267
0.06431439188566009 0.001880848755539999 0.16437333333333282
0.0655364762025509 0.00043495137136333325 0.39256960244648287
0.05226449318479583 0.0004931453232666666 0.25924407747196776
0.05711495819063087 0.0010843968640800003 0.18353924566768498
0.36791165345496524 0.39627290880634325 0.22506905198776783
0.06580596709742728 0.00048604141786666655 0.38660791029561636
0.09656161364336072 3.3002878566666666e-06 0.22698073394495566
0.0630735875311605 4.980438443666667e-06 0.022329520897044652
0.07569199132652178 6.389706800000001e-07 0.3205630784913365
0.05874061949096146 0.0004619694582033333 0.2799774413863436
0.051868238407609374 0.0015445458503499996 0.28267248725789873
0.05439073225655029 0.00036090309 0.07541659531090783
0.0598081194405838 1.040651773333333e-05 0.36154294597349645
0.0749672722848016 0.000708722164586667 0.2400118144750265
0.06198096253065636 0.0008387935975233333 0.061197410805302166
0.07551736698417269 0.0004856413141133334 0.2373666462793067
0.06766184423921595 0.00013232383000000002 0.020029102956167666
289448.4284743457 289448.4284743457 289448.4284743457
0.0629013361851675 0.0005891099550233332 0.19584317023445497
0.06862288569383597 0.0005871369460743332 0.35563672782874667
210335.97944274574 210335.97944274574 210335.97944274574
0.051732154181552074 0.0004856218607333331 0.354846890927623
0.09251597276107562 9.081308746666666e-07 0.009730968399591422
239957.61128100578 239957.61128100578 239957.61128100578
0.061242593906774515 0.0003788757310000001 0.4015484199796122
0.05532454906135719 0.0024779780333333344 0.11209384301732905
0.053022684267757796 0.0004050731925593334 0.3700267991845059
0.058366954903149276 0.001305330726666667 0.29493875637104994
0.10941214682168841 5.442536833333333e-07 0.37928998980632045
0.05187711417094172 0.0004747835499999999 0.47985697247706494
0.3704144502533276 0.2469856866642067 0.44538904179408734
0.06478122005234666 0.0007095361332303332 0.08171187563710536
0.05359933407329216 0.000213821794 0.035278277268093294
0.0593238739360085 0.0008387042404335999 0.0693385117227332
0.056855030213142824 0.00040530537657999994 0.3583451783893983
303548.36476384616 303548.36476384616 303548.36476384616
0.06549443813896239 2.773291316000001e-05 0.4071764831804292
347420.73564390076 347420.73564390076 347420.73564390076
0.059614164314609565 8.041119566666667e-05 0.12594755351681952
0.05559148897192312 0.0019096563047563335 0.09325057084607558
0.10244004651182602 1.7185417259999997e-06 0.07796948012232319
0.07785342536190054 5.780223080000002e-06 0.27654174311926605
0.06093317792335358 0.001239606079 0.30913099898063034
0.09846367516098296 5.462017469999999e-07 0.35838196738022443
0.1358682811216162 5.6754597e-07 0.4208564831804291
0.05790270682116275 0.0009397865114699996 0.07971841997961304
0.37645226596726383 0.22613753184158666 0.07325439347604457
219997.43883792066 219997.43883792066 219997.43883792066
0.05598500389100332 0.0010060263823333333 0.008166004077470923
0.05325818703917129 0.0004888074036666668 0.2041142099898079
0.05499892223141011 0.001503103196 0.041722538226298234
242018.9475025485 242018.9475025485 242018.9475025485
0.09049545632504148 8.21541886e-07 0.3374698674821617
252022.51953788646 252022.51953788646 252022.51953788646
259401.8900781515 259401.8900781515 259401.8900781515
0.057970140803994166 0.0009365963114416668 0.05243419979612485
0.10095882978189191 7.075388666666663e-05 0.45194534148827614
0.05859819354128637 7.739525466666666e-05 0.14783696228338483
0.06273898411524328 0.00427809054776 0.27962973496432175
0.06623764621737716 8.649516350000002e-06 0.1087702140672766
0.05251333563515577 0.0014311704589999997 0.42324062181447486
0.05891659219994046 3.419819048333334e-05 0.03060331294597196
0.051629613644276096 0.0004788370253666666 0.46495992864423963
215399.1675161403 215399.1675161403 215399.1675161403
0.10247446909505845 9.737769440000001e-07 0.24519804281345392
0.05464920309622345 0.0008384614047333333 0.23031108053007188
227297.89330614958 227297.89330614958 227297.89330614958
0.08325700388204418 2.6568309399999993e-07 0.2181235372069299
0.05459047302065119 0.0028051593638666666 0.2105780326197748
0.06114811697356122 0.00038346972480000007 0.043511202854230824
245965.20132517852 245965.20132517852 245965.20132517852
0.05148936865407101 0.0008044565556000002 0.21355364933741283
0.1035327313539817 2.3974328039333334e-07 0.010834882772681187
0.0739603433997719 0.00010923518441333335 0.41986229357798077
0.06302487710478255 0.0004328740383333333 0.27053318042813546
372150.0764525993 372150.0764525993 372150.0764525993
0.060420250651451915 0.001224947906666667 0.021265688073393463
0.07907802687329027 2.4034763333333333e-06 0.43664434250764494
0.05898176066471002 0.00045036323339666664 0.15990048929663603
0.1128456292552965 4.32398048e-07 0.04135245667686194
0.08619337445967457 1.5376827833333326e-05 0.040763995922526775
0.05150516270666894 0.0009199567566666667 0.24102872579001033
0.053086012908465034 0.0016001332599999995 0.06430185524974563
0.3726492907269465 0.1896235191493333 0.3023410601427119
265335.2361535849 265335.2361535849 265335.2361535849
0.06468057111918682 0.00174502808648 0.2942153109072372
0.05705995309815366 0.0006222418654866665 0.1900136901121292
0.06686412176966464 0.0005695699236666667 0.11322146788990839
215398.56439007775 215398.56439007775 215398.56439007775
255676.9283044511 255676.9283044511 255676.9283044511
0.05864279997671795 0.001208928086663333 0.3260925993883803
0.10443448573085312 2.6505835683333334e-07 0.005266024464830377
0.05668944940288852 0.00012301553000000002 0.24883337410805284
0.055284636108005596 0.0002231702834 0.29563319062181437
0.06322714457517223 6.38438624666667e-05 0.0617055963302775
0.05687585045367101 0.0014609904375509992 0.059013853211009604
0.05382016433457289 0.0014560597382526665 0.1518013149847084
0.059539758530971335 0.00013552385691666658 0.07720988786951999
0.07881211604275787 4.636259315333334e-05 0.2840004485219172
0.08921579148823984 9.416777566666666e-07 0.36066504587155856
0.061467977039789415 3.4162483333333306e-05 0.18610938837920576
0.1088610060295578 1.091735981e-06 0.3412367176350668
235643.6289500512 235643.6289500512 235643.6289500512
0.06909739571724594 5.868838533333332e-06 0.2513795514780828
0.058454688853656046 0.0005921065298666664 0.1927787665647296
0.059597228963385034 9.9962697106e-05 0.11490582059123389
0.0646658185204885 0.0006213422900666666 0.43947975535168204
0.05506104367541571 0.001997735911396667 0.027453180428133273
0.05697589308915733 0.001421928944893333 0.11465805300713638
0.06509071271461253 0.0005344858755999999 0.4763374923547403
0.056951802710892764 0.000563239332872 0.2723105096839964
233426.49932042137 233426.49932042137 233426.49932042137
0.053449344559788184 0.00011791169233333333 0.4150732415902145
0.055613959470855345 0.0010108102040266667 0.17527726809378263
340366.619945634 340366.619945634 340366.619945634
232869.19384981252 232869.19384981252 232869.19384981252
0.06462412632289383 2.5605626666666672e-05 0.3176675637105002
0.05373463879670955 0.00024413826603333333 0.16868103975535087
0.07195147503600877 7.484937172666666e-06 0.4325429765545372
0.37292779894513844 0.3923056294506799 0.040732334352700406
0.059149651215846255 4.6290866333333324e-05 0.08493611620795072
324578.65698267054 324578.65698267054 324578.65698267054
0.059433953881427984 3.053145159999999e-05 0.05706601427115121
0.056689006775376395 0.0005617918970166666 0.13411838939857246
0.1369854263613799 8.301822810000001e-07 0.39846939857288444
0.42085348433285125 0.3078682592178097 0.06648791029561574
211340.9233775061 211340.9233775061 211340.9233775061
0.09051569184545596 5.147099299999998e-07 0.3149883792048933
0.07749390718170668 2.567864966666666e-06 0.41112323139653495
0.11235963418597075 7.148301169999999e-07 0.26041281345565714
0.08467560653973416 3.675397496666667e-07 0.3538040774719686
0.054113087744432645 0.00012377549633333333 0.17425217125382142
315423.04196398164 315423.04196398164 315423.04196398164
0.08553719428528142 3.8735653333333337e-07 0.3040444648318048
0.0617055538669861 0.0009959439244766667 0.19902882772680908
0.05687275327639288 0.001996169885535333 0.051863700305812
0.05679391994652956 0.0007021723566666665 0.14301749235474004
0.06377490267908018 0.00047941250870133325 0.40550506625891947
0.08145340204487928 9.864825296666666e-07 0.023674077471968147
0.06306134585714665 1.7113899166666664e-05 0.27048034658511577
0.05688555080359751 6.881492900000001e-05 0.04051976554536374
0.05402846604475471 0.0003284288723333333 0.27681330275229454
273132.5603126062 273132.5603126062 273132.5603126062
0.09222974367953739 3.651303548666667e-07 0.016488542303772835
0.05511516524742558 0.0013052335409000002 0.18033599388379207
0.05209392127085532 0.0013424392732333335 0.40112652395514736
0.05572024975358935 7.273792966666668e-05 0.31390414882772566
0.06267359791269085 0.0009267997338633337 0.025390754332313303
0.06027028900268834 1.197166881633333e-05 0.4553490417940882
252858.85575942867 252858.85575942867 252858.85575942867
0.41807570506418235 0.8145405072350895 0.011373883792049178
282447.63846415235 282447.63846415235 282447.63846415235
0.05308553429811106 0.0009482042026666661 0.0049286850152889805
0.059313574023481065 0.0019707466723833324 0.0511261569826682
0.059171115638309346 0.00024408502760000004 0.3371514882772675
0.06803091755669084 0.00023288475447333332 0.16342218144750165
260297.3496432217 260297.3496432217 260297.3496432217
0.08608755108204423 2.4825412643666666e-05 0.15622362895005049
0.05717116894943489 0.00057703797 0.4498837003058105
0.05495665423404235 0.002376728975653334 0.3570958205912329
0.06083243974096693 0.0034422632199999996 0.2893742507645256
0.07323286352815164 1.461037533333333e-06 0.28861865443425083
0.05407292896139182 0.0011234438533333335 0.20643370030581076
241422.06931702347 241422.06931702347 241422.06931702347
0.054574955379822036 0.00033860201703666675 0.004061539245668655
0.05981970737726945 0.0002614586040499999 0.14211964322120307
0.3885120359509432 0.43475922274647993 0.1866150356778804
0.08529469982269555 5.533085883333332e-06 0.3657644444444439
0.08922351772851252 4.386978633333332e-07 0.26348408766564724
0.05936686476736042 7.665148333333333e-05 0.2519051478083587
0.05243417679775897 0.0004812322038999999 0.21022453618756387
0.3286430274462073 0.00013512599614 0.01076996941895958
305647.90604825 305647.90604825 305647.90604825
0.06547781321058173 8.184879284733334e-05 0.298445463812437
1.7976931348623157e+308 1.7976931348623157e+308 1.7976931348623157e+308
0.054855946473902795 0.0019443521260333334 0.2906464016309882
1.7976931348623157e+308 1.7976931348623157e+308 1.7976931348623157e+308
0.05876140585014107 5.341167981333334e-05 0.1582460448521923
0.05954663226504138 1.7369465613333336e-05 0.022680346585119526
0.06276610788033243 0.0009617746517866664 0.13461542303771568
0.05952841488073482 0.0010110233123333332 0.015548735983689888
0.05797875400045452 0.0022113491773033335 0.1798013149847102
0.07352074931424527 1.3549609411666665e-05 0.08354859327217135
0.05241467071325885 0.0007471936766666667 0.20898687054026466
0.05116448223938741 0.00081670031 0.3450388481141702
0.05181370881159282 0.0014914610633333335 0.1818356676860362
0.05834385250621339 0.0008207495251 0.22698446483180446
0.053957589596122804 0.0022349833753333333 0.4205588073394515
0.36730613912450105 0.17651788740930002 0.26800179408766667
0.08914420221228458 7.970944716666668e-07 0.09116411824668758
0.06192671151161806 5.248310691333333e-06 0.43534138634046826
0.055265116903631964 6.583837466666666e-05 0.19844713557594185
0.06444656354031993 1.636881369333333e-05 0.09900863404689009
0.09376564136828168 7.998046599999999e-07 0.4583883792048933
209213.46839959253 209213.46839959253 209213.46839959253
0.05460363758603415 0.0005014792373333333 0.011376778797146159
0.06385169886983325 0.000645579849833333 0.1839357492354745
0.06580370483004908 1.2906612630000003e-05 0.12586608562691115
0.05366884944093704 0.00017875575133333336 0.27709675840978587
265222.990995582 265222.990995582 265222.990995582
0.09580899237368945 3.412131639999999e-07 0.44546111111111153
212711.76945293878 212711.76945293878 212711.76945293878
0.08449669121363845 4.1379368600000003e-07 0.01223348623853271
0.05806721161741164 0.0011325881613573332 0.07690785932721811
0.09459640046175107 9.412085829999999e-07 0.04233158002038717
0.05225960096004274 0.0010070411904733335 0.12073828746177284
0.06322772565409907 0.0008528563935333333 0.2693818042813465
0.11166081674906544 4.596625149666666e-06 0.2839655147808351
0.06298081224736043 0.0014120348927933333 0.09124381243628887
0.052697823910238695 0.0018997858731666676 0.20853057084607451
0.3694068906686051 0.2132492714833 0.11617588175331228
0.0590237011781363 0.0009220544066833336 0.08063861365953207
214389.76384641562 214389.76384641562 214389.76384641562
0.07017329276336078 4.065651070333334e-05 0.38529494393476016
0.05398315443958364 0.0010845674766666665 0.21587783893985657
0.05911323786400794 0.001707086657631 0.008321100917430435
0.06177890063136652 4.126243450000001e-05 0.18468805300713642
0.05376268673435136 0.0004825992828666666 0.3742859734964319
0.06113770250134523 3.309787405333333e-05 0.1149632415902122
0.05672969391240748 0.003558387289666667 0.4100964729867478
0.07818991510573906 2.992965006666667e-07 0.2538960856269106
0.05606372898373868 0.00023345977733333327 0.017128002038735435
0.09723531890333326 4.973743306666665e-07 0.0443997757390413
389394.56337071053 389394.56337071053 389394.56337071053
0.058271436619958185 0.00038833602449000006 0.045323465851172084
0.05468754152093021 0.00017374771174200003 0.4408908766564732
258711.0176690448 258711.0176690448 258711.0176690448
0.0816437935899165 9.227570479e-06 0.2851540978593263
0.056988064145581545 0.0002829884373333333 0.2491482262996949
0.05958113708998891 4.623480963333333e-05 0.10977082568807317
0.06196302416935873 0.00102797911755 0.11906854230377206
0.05835154976503794 0.0005129631906666664 0.18592889908256938
0.055626146075525254 0.0008317546687133332 0.2843911722731902
0.0691719718173885 1.783227263e-05 0.025002018348624144
0.05166623191036138 0.0008908144512666667 0.15106116207950837
0.05543350990847014 0.0012013852699466667 0.2045103567787967
0.07619717260091859 1.325942591666667e-06 0.07654125382262977
0.05336147650448212 0.00016257976233333328 0.16250650356778795
0.09479454469428655 1.3946695429999995e-06 0.10121463812436282
0.09081399936073345 1.01636098e-06 0.05768807339449511
0.0607189941076062 9.565250666666664e-06 0.07893952089704515
0.05818763333790503 0.0009010940077666665 0.18785068297655405
340990.32025144395 340990.32025144395 340990.32025144395
0.06588481636213986 1.2036833833333336e-05 0.07709854230377244
0.0553450553930681 0.003027173512411333 0.32384195718654407
0.05962169537782665 0.00010457450867666666 0.3380898572884812
0.06634539443678122 0.0005288464429733332 0.1266569520897045
0.05203932180887452 0.0003185028526666666 0.27943772680937684
0.06130103441203685 0.0017372867152666664 0.1480920795107039
260962.71661569804 260962.71661569804 260962.71661569804
0.36746187124801427 0.1779739622666667 0.19423572884811247
0.0581363866536303 0.0006125297027 0.1708276860346598
0.06963615182968096 5.619417216666665e-06 0.3744290316004082
0.07165339555523005 2.577707075213333e-05 0.14832732925586267
239711.04740061122 239711.04740061122 239711.04740061122
0.05767214313477238 0.001763369634133333 0.026879582059121887
0.05217734906443468 0.0005128376091333333 0.3283094291539248
0.05265632752224669 0.0008228080774666665 0.4716831804281343
0.06199408410363416 0.0008963109353103334 0.14262055045871724
0.06201762290660513 0.00011803255540733331 0.03215161060142613
0.05765027124180007 3.832475958666665e-05 0.03142205912334539
315405.1010873269 315405.1010873269 315405.1010873269
0.08950282168170683 6.631684713333335e-05 0.14000242609581948
0.12053599392904955 3.348351666666666e-07 0.26224331294597336
0.0650804880744891 4.705335099999999e-05 0.16194979612640026
0.0516688663644231 0.000990326875 0.2540896126401635
0.05534870868546356 2.172014699999999e-05 0.12856707441386295
0.0554445312824197 0.0010719970421666665 0.4091147094801215
0.05183478661540515 0.0006615242263333335 0.19267166156982718
0.08510409536185684 2.564215799999999e-07 0.39651451580020325
0.05606382557713607 0.0010826279021666665 0.18279094801223295
0.0561113605835329 0.00043903811939666654 0.15118784913353656
0.05706103702537579 0.0007135065603333333 0.10985219164118343
0.09760546291722327 2.561943056666667e-06 0.24724873598369168
0.052014258927591 0.0016002701582000004 0.20447634046890828
0.0625889159391976 5.1451612746666685e-05 0.06975484199796034
0.054613408479439886 0.00019463958666666664 0.0064464831804293965
0.058401895643139495 0.0005042067243333332 0.3751866972477078
0.055212978664753457 0.0014610746501066666 0.03189050968399609
0.07135722315094502 0.0001460337182333333 0.3640587461773692
245750.57339449524 245750.57339449524 245750.57339449524
0.09355445854478402 1.249627027666667e-06 0.013978674821609971
0.056749325112243135 0.0003378454276233335 0.22183218144750239
229074.4053686713 229074.4053686713 229074.4053686713
0.36963811758720905 0.15597763955000002 0.20003422018348704
0.06222416078520461 4.030754999999999e-05 0.12739046890927597
0.0773118025522759 1.1957446399999996e-06 0.2173735779816499
0.05458784284266471 0.00047047500766666655 0.02719955147808273
0.07107079244645723 1.552047266666666e-05 0.3415863608562679
0.05757141373440702 3.685081766666666e-05 0.12365790010193534
1418587541772.8508 1418587541772.8508 1418587541772.8508
0.3647313264629494 0.4543067290681334 0.4114985626911305
0.05691414198654365 0.0001854700295 0.41383665647298695
0.06553392238892822 6.961221386666667e-05 0.11409447502548442
0.060899251897347274 2.1537969446666668e-05 0.2792614169215093
0.060714785426695866 2.0115112766666664e-05 0.13855824668705452
0.08015558343975462 4.566660967599999e-05 0.3142312538226313
0.09877535205539759 5.631791176666667e-07 0.407116870540265
0.05376787336033061 0.0005617347618000001 0.09540820591233468
0.058801783118092435 0.00025135541764499995 0.36419248725789943
0.11968714959037999 3.2582449999999995e-07 0.309370774719675
0.059377851762530846 3.100866228666666e-05 0.021039266055046912
0.05354451110807371 0.0007949657829666668 0.40145142711518744
0.05293803725867452 0.00029096556140000007 0.2533079612640159
0.05846188738356113 0.00011189933666666667 0.16918383282365035
0.06123811176079193 0.0019971564083333332 0.03384779816513683
0.055948252947419966 0.0010241307089000002 0.39820310907237566
0.07047791834454042 1.6100852566666664e-05 0.3731255657492367
0.05812493532651041 7.647911999999996e-06 0.14315788990825684
0.05310023424419581 0.0009178497323333331 0.3026253211009178
0.05227853903162974 0.001471905143333333 0.1252857594291532
319204.9821610603 319204.9821610603 319204.9821610603
213803.9203194022 213803.9203194022 213803.9203194022
209296.2623173631 209296.2623173631 209296.2623173631
0.06429564867824078 6.655508252333332e-05 0.058100703363916484
0.1316224004557495 5.526462963333333e-07 0.4004461365953109
0.0625876748291119 0.0004994467923333335 0.3540492456676869
0.062395850526932486 1.6298453500000003e-05 0.14822714576962204
0.07060060060084697 1.5503822513333332e-05 0.09392551478083577
0.12096630427654759 3.308274893333334e-07 0.25805239551478154
0.053174958717811374 0.00065916977332 0.09719433231396613
0.3736589988481947 0.022871762508663334 0.3962767889908254
0.059215820427632807 0.0007336677230000001 0.4764327624872573
0.056403873068212665 0.0001782091133333333 0.08505297655453692
0.05203044124952956 0.0004300149106666666 0.47749983690111986
0.0707644512248627 1.1212256613333335e-06 0.14388895005096813
0.06057913450348576 0.0014221003570000002 0.0953434862385305
256732.13982330955 256732.13982330955 256732.13982330955
0.08501671200697691 2.5168374496666666e-06 0.2890966768603467
0.05424735858635687 0.000166830592 0.12843852191641236
0.05853256096197597 0.00020435988619999998 0.09880064220183682
0.055599872493624074 0.0013016514778071667 0.15084516819571858
0.06496212338419301 6.809957861999999e-05 0.09287986748216115
0.054545195421468295 0.0013031437296666666 0.018952405708462017
241351.9283044514 241351.9283044514 241351.9283044514
0.10731156336360564 8.480610156666665e-07 0.2547748216106003
0.07550750457139517 0.00015617529253333332 0.4680756880733945
0.06205273544062483 1.1969260870333333e-05 0.41468064220183676
0.09437589475504944 0.0001065892540933333 0.3295078389398567
0.057438295777583706 0.0006740241300000002 0.45124786952089635
0.08172608915762739 6.300733633333334e-07 0.32284053007135505
0.05863859279237671 0.0032690806311 0.3366845871559634
0.09633539882175897 2.038693660666666e-06 0.1989537104994903
0.05454932426718628 0.0014659401261666663 0.45659768603465745
217922.6427115184 217922.6427115184 217922.6427115184
0.05790803998752447 0.0017720684271333334 0.011459755351681533
209922.76163778434 209922.76163778434 209922.76163778434
0.05459650319342694 0.0009422285458000003 0.44089900101936896
0.05896371192687388 0.00015296621166666663 0.3108908154943939
0.05467815347983798 0.0026931307934533336 0.389057716615699
0.07013551333202846 3.959228583333335e-06 0.1306575331294617
0.4176466943027617 0.6304721355030112 0.004072303771661012
0.07616309619893301 2.6300833933333344e-06 0.4120924159021391
254540.38396194344 254540.38396194344 254540.38396194344
0.05405486509574749 0.0003009836955000001 0.37794212028542384
0.05667973709311809 0.00043550226619000016 0.19364622833842926
0.11753598161371998 1.8892956263333332e-06 0.29658337410805347
226995.5784913349 226995.5784913349 226995.5784913349
0.06166927198531327 0.00016824964647964665 0.24509870540265055
228297.85507985044 228297.85507985044 228297.85507985044
0.061060703043563216 0.00037748779404889996 0.40709950050968424
0.0577740440237913 0.00013930031000000003 0.043485596330277154
0.08307847962690872 3.1680918633333335e-07 0.1404752599388388
0.05251092134349759 0.0003338274117666667 0.4557604689092769
0.10792458572401448 3.9255557666666666e-07 0.21711551478083457
0.057031669282488484 0.0016503821359200002 0.25756979612640096
231534.607543323 231534.607543323 231534.607543323
0.0887155715881791 4.897895656666667e-07 0.2856810805300709
0.05955905114245248 5.362799499999999e-05 0.16560856269113433
0.05769551765112964 0.0009000885334333332 0.03668995922528007
0.06458256573822685 6.694312195e-05 0.05954783893985649
0.10418865900294161 3.5888063200000003e-06 0.004856269113149292
0.07489070201846058 2.99565062e-06 0.4126566055045864
0.056243878944248316 0.0017237812390833334 0.18314891946992695
0.05192811722963653 0.0016083560386666662 0.28453738022425945
0.05521889473424201 0.0011819761832666665 0.09384133537206818
0.05220667850873265 0.0005437329217333333 0.22615997961264167
0.05518010691028648 0.0006506638487566665 0.15581815494393547
0.06501193539000323 2.768438792466667e-05 0.33759177370030535
227990.77896704013 227990.77896704013 227990.77896704013
0.05766987398023682 0.002212696693833333 0.07226687054026426
0.09393231662129585 1.0513985303333333e-06 0.021683720693169484
221362.33860006795 221362.33860006795 221362.33860006795
0.08298863667238435 7.727747503333333e-06 0.2053701121304803
0.06123920609539868 0.0012202994976166666 0.21830653414882706
0.05536022332383657 0.0011408451562933337 0.1795388583078501
0.054556871095316886 6.565936300000002e-05 0.06334041794087897
0.10655469548272944 1.0401934673333332e-06 0.03449748216106041
0.07046227731567563 1.7869896966666663e-05 0.31695729867482214
0.052766821195763924 0.0010423925442666665 0.3271992048929655
0.06247649827912323 0.0007980713624533334 0.040182273190620954
284187.6401630989 284187.6401630989 284187.6401630989
0.32632317103831165 0.0006679174093333333 0.44855071355759346
0.059807406160314616 2.237875114e-05 0.06297955147808398
0.056977978211353156 0.0008791235197333331 0.15182078491335416
0.05405724447519329 0.00014229557699999996 0.029102242609581275
0.13718698917274907 8.021113276666664e-07 0.4616891029561676
0.059684264564471984 0.00018504979805466663 0.30091934760448513
248905.67448182145 248905.67448182145 248905.67448182145
0.09293288736730748 0.00016477978984999998 0.3469747910295604
244306.196907917 244306.196907917 244306.196907917
0.06525832832522523 2.4943687516666663e-05 0.2498552701325174
0.06882854598826485 0.00011959326097999999 0.09242266055045789
0.06317376103408075 0.0009426832648000002 0.056712996941895355
0.053020152038509585 0.00019795793933333327 0.4646803363914387
0.05354361864151717 0.0003530983313333334 0.33403204892966354
0.07581269928327357 0.00019626735793333333 0.4303860040774721
0.05432035844673917 0.0015291523323333331 0.028338440366970197
0.08556410910147219 2.591558776666667e-07 0.42158218144750137
0.40002924882011925 0.8526163695736845 0.2628798776758412
0.051389465626124786 0.0010140623729333333 0.34729740061162095
0.05477229753084578 0.0011664047533333332 0.00011338430173113423
0.055758349344022906 0.000969658590846667 0.058651875637103945
200355.40265035655 200355.40265035655 200355.40265035655
0.05491546815098606 0.0009881741212326668 0.11550703363914483
0.055626555967752934 0.0004597560123333334 0.3759045667686034
241837.8185524972 241837.8185524972 241837.8185524972
211127.81600407758 211127.81600407758 211127.81600407758
0.06233926664291496 0.0008300090148933334 0.3008430682976537
0.053001729830567834 0.0011082464506125666 0.22519249745157932
0.06126657985730155 2.4169002886666663e-05 0.2835571049949017
0.08304502161576882 1.4942607480000002e-06 0.17489202854230212
0.07658993598849631 0.0007811238948 0.18733235474006005
0.05561500348368749 5.670761958666668e-05 0.005277777777779047
0.10068116668941725 3.151501486666666e-07 0.4737492558613656
0.3771902026966293 0.45210770615382667 0.4138604689092764
0.08306134802115034 2.1263543366666666e-06 0.06316327217125428
0.0841500071943643 1.1190134263333337e-06 0.3978336595310914
0.3760131946386677 0.04021899845732667 0.16032240570846135
0.05708916498706909 0.0005827919985933333 0.0841475535168188
0.05495139788661492 0.0006434661934366667 0.1501081651376137
0.059030321941977805 0.0004241821396333334 0.1716711518858305
0.058258765572770765 0.0015447186080699993 0.057704770642201364
0.06913326522669996 0.0008612902958599999 0.37124932721712467
0.10127302653177346 3.720648966666666e-06 0.2734713455657496
0.07339807689241898 2.100490666666666e-06 0.08398399592252836
0.05862129769513738 0.0012463073666666674 0.13867535168195833
0.10448681600242767 7.442698499999998e-06 0.002926126401631368
0.08421489053883453 1.4938963033333331e-06 0.06617711518858282
0.05125461644216888 0.0011608600814686668 0.22960998980631997
0.07856605788498841 4.4313536333333315e-06 0.2026416106014266
203984.9006116212 203984.9006116212 203984.9006116212
320992.44393476 320992.44393476 320992.44393476
0.06656507301595178 0.00026660253698 0.19857811416921534
0.08237050367410233 2.012566e-06 0.4792561569826719
0.0628849909215244 3.5833377029999995e-05 0.027868603465850406
0.05451479433549189 0.0005213995114666666 0.40258589194699335
0.08611539984860382 2.5793025833333326e-07 0.39101173292558533
234423.40299014552 234423.40299014552 234423.40299014552
0.06074103136154085 0.00152031152106 0.1369583486238537
0.0558172607634595 0.0008807341657700005 0.04487787971457857
0.05391825572187299 0.00032653204010000007 0.06818004077472084
200456.41777098234 200456.41777098234 200456.41777098234
0.05791214803583784 0.00010127454993333337 0.16846772680937816
0.05932585803135848 7.241608997333333e-05 0.3840929153924564
0.06813302911237991 1.5017967666666663e-05 0.3146901732925569
0.42056852367601194 0.40996778583881593 0.0074411416921496
263871.81447502563 263871.81447502563 263871.81447502563
0.06456377194443466 9.222762474000002e-05 0.1728901834862384
0.05844831847293437 0.001065794262822 0.011727869520897993
0.10081178585904021 8.732552259999998e-07 0.2800955861365946
0.0573356328627456 0.0002614956216833332 0.06870933741080476
0.05357670221790885 0.00021404008433333332 0.3943123955147825
0.07384522057385348 4.764227680000002e-06 0.3031919062181454
0.08181156606329532 9.9584223637e-05 0.05486547400611652
0.07065640552905657 1.2949969233333333e-06 0.19776467889908167
0.37464044737360536 0.18738090151698733 0.40342277268093696
0.05733782224695845 0.00013010998136666664 0.2509120285423032
0.06874907477713328 0.00018320142650966667 0.38678201834862413
0.07611374420395763 8.440129919999997e-06 0.38245604485219165
0.052960767054954144 0.0006391616570999998 0.38567699286442325
0.07637794694765221 3.107645179999999e-06 0.02185661569826758
0.05829567678789941 0.0005273530786 0.18644970438328423
0.05780472332703886 0.00023132045241999996 0.40027521916411724
0.0537692622525759 0.0007670241236666665 0.3801249745157995
0.06564901342123 9.559163749999997e-06 0.3080594393476055
0.06222000249584813 0.0008423942448333333 0.16897652395514795
0.37276267979011496 0.4445047948720966 0.19579746177369994
0.06400716282245873 9.093119128999998e-05 0.3431726401630981
0.08618961158899788 0.00010321694991799995 0.057607390417941495
0.06382770114561231 0.002059026781271666 0.45020285423037754
0.07797223230972039 0.0005788040899999999 0.01512418960244677
0.05753370002851535 0.00012676865426666665 0.17408710499490176
0.0510970058322386 0.0013940669269333337 0.40462245667685925
0.056223966230930615 0.0025484886128966664 0.08966384301732955
0.05787590274107986 0.0014082923890999998 0.17580017329255826
0.05275795465388681 0.0021876491452533326 0.2038298470948008
0.05652337738819731 5.235655137333332e-05 0.386958032619777
0.06784766833429563 1.4948983900000002e-05 0.08100383282364909
0.05469603606983412 0.000317454371894 0.3225962385321113
0.05290919341203019 0.0007371380613333332 0.4013303058103994
0.05925586251341826 7.565617533333335e-06 0.03799550458715739
0.060654860697851046 0.0016291450892666664 0.04501459734964364
0.053343921560015474 0.0004397079023333332 0.1580990417940873
0.06955313985788672 1.8100229140000008e-06 0.2490905708460751
0.05471268726367835 0.0014903985856666666 0.08889125382262941
0.06267359791269085 0.0009267997338633337 0.025390754332313303
0.0910802432512039 6.511861043333334e-07 0.05757866462793082
0.05818147933231813 6.195839333333333e-05 0.15934436289500375
0.05973826570232324 2.232116278433333e-05 0.0648405402650356
0.06190249719392841 0.0004324475089333334 0.40590562691131393
0.05134439678785781 0.0012944961233333331 0.19130371049948902
245554.8632347947 245554.8632347947 245554.8632347947
0.05812493532651041 7.647911999999996e-06 0.14315788990825684
0.08251316977534565 2.3299144950666665e-05 0.17133649337410795
0.0596013098356383 0.0001358961784333333 0.11769705402650299
0.05159249421527315 0.0023348020666666665 0.45094436289500495
0.0559528378964631 0.0006107334773719997 0.24032505606523946
0.105571878048661 6.17476238e-07 0.020695351681956797
0.4167524044301404 0.28236388253669664 0.12450019367991949
0.05207389952557484 0.0005679925381666667 0.28352084607543304
0.10214424033392402 2.474382578666667e-07 0.011237940876656527
0.09696856302312251 2.562468916999999e-06 0.4581290010193677
0.0818182995734806 9.772875079999997e-07 0.021719500509683076
0.06057252225071037 0.00028180492974999994 0.32749485219164187
0.06791521784941315 0.0006607771416066666 0.012759001019365002
0.05449596369950186 0.0015552004983333332 0.06905752293577816
219707.35643900707 219707.35643900707 219707.35643900707
0.062077951658101954 0.0011479197309666666 0.26989097859327194
0.07429606904528777 1.2316156307e-05 0.2734545158002031
218333.90248046204 218333.90248046204 218333.90248046204
0.05265198911887761 0.0006904724663333333 0.33407247706422005
0.0577306904280583 3.5242290000000006e-05 0.03173415902140819
0.06232659959093674 8.005567069333333e-05 0.09435841997961125
0.06034904803691399 0.0011108859097333336 0.11521605504587074
0.380317624751573 0.33755069255168907 0.2915852191641175
0.0643001695402395 1.71790607e-05 0.06802540265035928
0.05851345093052403 0.00014072743500000002 0.13207445463812473
0.0659479857687664 0.0001753905529963333 0.3343392354740069
0.13497026590194408 5.587368866666666e-07 0.40968554536187574
0.0825091431340866 1.739229666666666e-07 0.38237311926605466
0.0729835775068216 4.005676816666666e-06 0.40799823649337363
0.060777561990582485 4.569936973333332e-06 0.004690316004076767
0.06367258976283 0.0021099772964883324 0.43097051987767454
345583.9916751615 345583.9916751615 345583.9916751615
0.05220583806639201 0.000539372479 0.34639294597349757
0.06631201190929455 1.021811083e-05 0.15014456676860455
0.05540664284782415 0.0005293525178066665 0.27276440366972476
0.059982786985099956 0.0010636672835 0.002880846075432597
230229.7485558955 230229.7485558955 230229.7485558955
0.05857097142058183 0.002352152392433333 0.08808649337410746
0.06381916985773735 0.0001598593177833333 0.05516545361875691
0.05730892905531552 0.0003516364355333333 0.26557176350662504
0.051873704613312824 0.00063393677 0.33344843017329273
0.053203373839428816 0.0004409973996666667 0.03797830784913314
0.059387136312449 0.002619589376666667 0.32766501529052006
0.08343746195368701 8.059203996666665e-07 0.28172898063201
0.05314062812605831 0.0014085774058729998 0.24234563710499568
0.07470525471258219 0.0005333183552666666 0.2756081039755358
1.7976931348623157e+308 1.7976931348623157e+308 1.7976931348623157e+308
0.06900324858478574 5.0633972566666675e-05 0.13692247706422123
0.058675805988128306 8.769254101e-05 0.0715964729867471
0.05574874636762528 0.0002180094993333333 0.12143990825688133
0.08987793896446433 1.6771287439999992e-06 0.45588875637104964
236276.01512062535 236276.01512062535 236276.01512062535
0.07060804699566248 9.643422026666664e-06 0.07135236493373975
0.05172959934642929 0.0004788581230000001 0.47460628950051165
0.06540207883669287 7.975173193333335e-06 0.020227043832823366
0.12301406597875766 1.6365877833333328e-06 0.40141803261977693
302721.4916751613 302721.4916751613 302721.4916751613
0.051544588287982765 0.001561059450866666 0.2075609072375122
209815.54960924233 209815.54960924233 209815.54960924233
0.3713140469705132 0.3536966890139066 0.4761861365953113
0.054500206107398655 0.0003117606172326666 0.041326850152904715
201822.4600747536 201822.4600747536 201822.4600747536
0.05897999609186673 2.8313516806666677e-05 0.43569661569826845
0.06008494578667626 0.000120620412612 0.35872979612640155
0.058121683607430974 0.0028619520969999993 0.15404311926605452
0.055481184960715704 0.0020734730694400008 0.30913900101936775
0.0586122707373116 0.0008882416047599995 0.06477247706422107
0.05435289892159885 0.0017172021013333336 0.4462374006116203
0.06431150165534308 0.00017160727346666663 0.013696554536186678
0.07982789631845862 6.760251466666666e-05 0.3457795922528031
0.05948351209884465 0.0016760233634333334 0.0024864831804274345
0.06807993975692853 6.136405992666667e-05 0.11831727828746041
0.10143873501617236 2.4832749866666663e-06 0.01653493374108095
0.05327568002843393 0.00047022025266666654 0.3933131906218148
0.08166250465689902 1.6157439339999993e-06 0.015840784913353723
256938.33248385988 256938.33248385988 256938.33248385988
264104.8377505948 264104.8377505948 264104.8377505948
0.0813107130455403 7.398007033333335e-07 0.21857407747196644
0.05809192638946795 0.00012846199733333334 0.045268379204893794
0.054163040511192834 0.00046584823830000006 0.26208427115188604
0.05652062964593433 0.0004393051651566667 0.19772023445463915
0.05876174531684253 8.274604333333332e-05 0.23747673802242675
0.0631430304849421 0.0008884305598633333 0.10639183486238579
0.059198383779962185 8.277549573999999e-05 0.12387750254841867
0.057940087802910004 1.816824914433333e-05 0.2515682976554525
0.06939277274918501 3.103578449999999e-05 0.3021406014271144
0.05331562252373515 0.0002780753919333333 0.3192187767584098
0.056154105989381864 0.0011363289729333333 0.20596518858307888
0.05252879703505231 0.0008379194386 0.25480415902140763
429009.9898063195 429009.9898063195 429009.9898063195
0.06768903984252009 0.0008538030075640001 0.2022475127421024
0.056158908418319456 0.00039078727493699995 0.2195431294597352
0.05972127582366667 0.0009536653003933331 0.07650787971457795
0.060163753106433585 0.001808095033018667 0.0004466156982672054
0.05361213245910057 0.0013087467373813335 0.14864515800204048
0.06325519875682653 0.0011889426866666664 0.06547152905198717
0.05340807445830882 0.0003141688366666666 0.36496959225280223
0.05704486596771392 0.0010113835963333334 0.46188236493374024
0.06167894152924458 9.276577769999996e-06 0.0707254128440371
0.07710323208443265 0.00015220872213333333 0.33314381243629043
0.05469806683604124 0.0004930533935333333 0.243872079510703
0.054435403603590705 0.0003539989569999999 0.3297846788990828
0.1773467278727054 1.3723526193666666e-05 0.1400613557594288
0.05278048953397836 0.0009914027525766667 0.10250248725789923
0.3337378720245847 0.0010593464727546662 0.41563495412844054
0.05213014829344701 0.0003191879413333333 0.2791865443425068
0.05436358352269084 0.001337771689536 0.44590327217125525
220852.49320421342 220852.49320421342 220852.49320421342
0.06271412183429262 9.3555131e-05 0.4241714984709486
0.05149870009308173 0.0009434958846666669 0.32687143730886836
0.3694248154474457 0.5968990503676667 0.07192738022426148
227467.88566088994 227467.88566088994 227467.88566088994
0.05769142956909948 0.0018089598351793343 2.3496432210112772e-05
0.05194527093656705 0.0011171168998446671 0.23878370030581086
0.09069837071445266 5.794031666666667e-07 0.07070176350662649
0.07181587051813854 3.393106666666665e-06 0.20261060142711607
0.07733854318421007 8.7320918e-07 0.24664627930683114
228842.6223241584 228842.6223241584 228842.6223241584
0.05380456350516634 0.0015734492999999999 0.08264542303771716
225256.77454977934 225256.77454977934 225256.77454977934
0.05369138347666783 0.0010984527449966665 0.16448742099897995
0.07963229819964313 5.39913179e-06 0.24617401630988534
0.07924543177166554 4.024945893333334e-06 0.23798755351681944
0.05188109994236748 0.0004792622979666666 0.35038796126401595
0.0728467716289625 0.00024599928359133336 0.028325351681958377
0.05315028781085418 0.0003229314193333333 0.3110597655453633
0.059972533880109216 0.0013916630881000004 0.013484006116207592
0.052344933855650935 0.0004913310039999998 0.21130850152905234
0.08646929477200152 1.3538665666666667e-05 0.06382391437308765
0.05392400857645514 0.0010481902423333336 0.009804841997962388
0.059579732347640836 0.001822223083606667 0.09718525993883853
0.05181572014019749 0.0008382303639333334 0.42950565749235503
0.07396979682512711 5.9232811895999986e-05 0.35116070336391303
0.05951716357903809 0.0012635227129833334 0.2170621202854237
0.05343460898944866 0.00038348365666666674 0.3553860142711516
0.08775784070862819 1.2920669799999997e-06 0.07817026503567748
0.09707192176458446 2.434548102666667e-07 0.0306883588175344
0.054078368716366954 0.0008147785020666665 0.388425208970439
215345.25144410477 215345.25144410477 215345.25144410477
0.05782242918263994 7.2993600000000005e-06 0.14092668705402467
0.14075406298364426 9.362332733333336e-07 0.47050926605504495
0.058130618321067945 0.0019152050752333342 0.00564725790010101
0.06342291361410082 5.354347324333332e-05 0.29610680937818445
0.05770304257764617 0.0014370877400000002 0.14161629969418943
0.11865496299211667 2.8122230000000006e-07 0.291414179408767
0.054200519690661114 0.0010482549857133328 0.10225652395514695
0.06011147226239988 0.0008589795499999998 0.025795698267073064
0.05860068745949224 0.0017274349373 0.3484903669724755
0.052346174165195415 0.0007822995148333332 0.40982538226299736
0.053999657295305384 0.00032075868866666664 0.06445427115188762
0.06207872972775637 0.0009010376935433335 0.2445051987767588
281633.0105334692 281633.0105334692 281633.0105334692
0.054310300412685586 0.00010415087333333329 0.2818321202854239
0.0559552109106917 0.0004960287543033333 0.2682320387359831
0.052232257731518995 0.0008636420853333333 0.003444780835880845
0.06267359791269085 0.0009267997338633337 0.025390754332313303
330993.27217125427 330993.27217125427 330993.27217125427
251800.8154943946 251800.8154943946 251800.8154943946
0.05420069796273681 0.00011897242033333336 0.41489675840978757
0.057845189258150145 0.0005694524795 0.2164450458715601
232184.26350662558 232184.26350662558 232184.26350662558
0.05796256610934632 0.001497877923355333 0.08345855249745293
0.08591508013773914 8.1267447e-07 0.3704445667686027
0.052974365068694754 0.0007166429856666666 0.15031108053007047
0.37593932149406784 0.20740879762722497 0.43899509683996163
0.05247085893188992 0.0011788797161989997 0.12481443425076444
0.05433776348904506 0.0002668594966666666 0.08449737003058067
0.05442998546365718 0.00019776238041000003 0.04037990825688231
0.06056415471597783 0.0017911275199666672 0.0652624464831808
300483.6943594974 300483.6943594974 300483.6943594974
0.05497591981883424 0.0005305860233333332 0.16361291539245704
0.05781415571027966 0.002182625737333333 0.07624287461773749
0.05488715160641355 0.0026546785669999996 0.4062538430173288
0.05541767684733796 0.00017365224799999998 0.35071783893985575
0.05252012419077715 0.0009844110125666666 0.3053394087665664
0.06304816718018394 0.0009142052682699995 0.017966646279307774
0.059986543104549095 3.101565666666668e-06 0.2693078491335368
0.0542471417540938 0.0013797455181666662 0.113767451580022
0.0510970058322386 0.0013940669269333337 0.40462245667685925
0.058351345966396906 0.0007984338607299997 0.058774668705403155
0.08322054392430778 2.0812813100000005e-06 0.3302913863404693
0.05285452920391849 0.0013554055479691332 0.31856843017329295
211404.455487598 211404.455487598 211404.455487598
0.05722990484777013 0.0007609062384066669 0.28655434250764733
0.0837217176407761 4.098550899999999e-06 0.04751383282364907
0.06886607636342326 4.511119113333334e-06 0.13060753312946005
0.053267823784198844 0.0019589908561000006 0.19037113149847107
0.05267240096167443 0.0009686033004666669 0.45735014271151897
0.05423800837610274 0.0014974579069333336 0.037369337410806835
0.064243472991378 7.854144066666667e-07 0.255405147808359
0.06422335434904528 0.0015100278767120002 0.029582976554535456
0.06964880823497231 4.628796613333334e-06 0.22531255861366084
0.09311990313213787 2.955484866666667e-07 0.1321441692150862
0.05337624317825414 0.00020610170773333335 0.3515260346585114
0.06160477576923851 0.0022741048271 0.08160778797145785
0.0520493506002266 0.0017195345543333334 0.2218463098878689
0.06362410125405604 2.190459955333333e-06 0.005040530071355853
0.06874453993072463 0.0006718605701583331 0.0007402344546383333
0.051108461073148814 0.0014019726872666668 0.40690298674821657
230321.95463812444 230321.95463812444 230321.95463812444
0.11381555509074717 2.4466495066666664e-06 0.2805002752293597
0.07764298275056161 2.5783859166666666e-07 0.23069043832823732
0.06277847582676284 1.0607812199999998e-05 0.19007946992864477
0.10913011837701672 2.380687126666666e-05 0.3526414576962269
0.05808779498700093 0.0015420511662259002 0.05337816513761506
0.08898576843403486 1.1983997090000004e-06 0.43422719673802157
271327.34879374766 271327.34879374766 271327.34879374766
257247.7149167518 257247.7149167518 257247.7149167518
0.06132042676521779 0.0006277089546666667 0.029068888888887034
0.0720213783614891 0.0010358488559333333 0.1504616921508668
0.059568945601589686 0.0014669011831019998 0.06955563710499346
