0.06302067359496477 0.0002474903572233332 0.11045898063200843
0.07596375613040823 3.990697357333333e-05 0.059030876656472664
0.12085709112861227 1.3176354049999998e-05 0.0911933333333339
0.08845158946626147 2.0244383123333334e-06 0.25368548419979664
0.34767329731760965 0.00039215864803333336 0.08860167176350542
0.0528523901042525 0.0018990689342533327 0.4458640061162087
0.06141514126276111 0.0002749567453333333 0.16642788990825608
0.056926600895352286 0.0007099705416666668 0.1361933741080521
0.057717393837213964 0.00011818822767333334 0.18301258919470031
0.05463505304360357 0.0003871041849999999 0.20390266055045947
253532.68773360492 253532.68773360492 253532.68773360492
0.05449549656940226 0.00053653688466 0.39089029561671707
0.3755335784263794 0.76982873951867 0.18802816513761478
0.0931079683937834 9.822228606666664e-07 0.2948380530071355
0.08627834387287472 8.957636446e-06 0.1591263812436301
0.08373379750804955 5.01890511e-06 0.006620316004077864
0.38777569714692833 0.48738658697910137 0.17217836901121242
215978.91182466934 215978.91182466934 215978.91182466934
0.05922990001987364 0.00031938926621333333 0.4371128134556568
0.05504900652231204 0.00022839813205666673 0.36736479102956165
0.054230214102413465 0.0010799617989666664 0.38373630988787033
0.0545333723901904 0.0006651996244133332 0.24308196738022358
0.05899580515081574 1.1403177999999996e-05 0.14641820591233312
0.06597545358138848 2.5694436233333332e-05 0.18338843017329154
0.05938079414484498 0.00022772897896666656 0.28451583078491494
0.3936107550529689 0.45282127833447705 0.08300810397553526
0.06536243964048274 4.5289692896666685e-05 0.1455290519877659
0.0639118330366836 6.271433200000002e-05 0.09648313965341426
0.054118067336375544 0.0007058775925333332 0.008705198776759016
0.05708955369994761 3.8882043666666675e-05 0.08906177370030699
323748.6663268776 323748.6663268776 323748.6663268776
0.0597353858575584 0.004800486800000002 0.26156930682976576
0.08996390578439246 1.2537046233333332e-06 0.2059164322120277
0.05578364308279859 0.00093588756924 0.24526797145769663
0.054007671463895845 0.0007465184066666664 0.2228932110091737
278532.85762827063 278532.85762827063 278532.85762827063
0.06992932966688577 0.00010321549027166668 0.0824071763506633
0.06914375572845435 6.699447663333332e-05 0.22440015290519977
0.07548720994386873 0.005648892216666666 0.004162517838940172
0.08241803201414466 6.0755821346666675e-05 0.2853907849133548
0.05679563561889788 0.00034174593050666663 0.006394852191641043
0.059175925072601304 0.00272345109791 0.4197529051987776
0.08285501793162978 1.9494938383333333e-06 0.13738199796126205
0.05229756517348431 0.0006667991287333333 0.4630468399592256
0.05995597625527445 0.00017218947976666664 0.35076666666666645
0.0844011150179142 7.536834551000001e-06 0.2150741794087665
0.07011004475251906 1.8780671633333336e-06 0.2085346075433243
0.08474353371757573 3.223151756333334e-06 0.03907821610601303
225366.53499830072 225366.53499830072 225366.53499830072
0.06055936742560956 5.1690258499999995e-06 0.0918911926605519
0.06284180041829941 4.7207559933333326e-05 0.34181031600407774
0.06034693614004423 4.930181294333333e-05 0.032288603465850496
0.053375065227150666 0.0018587805289999998 0.44267118246687076
0.060208287212187885 5.34386075e-05 0.21193186544342524
204967.30377166194 204967.30377166194 204967.30377166194
0.06074828733301743 5.49272578e-05 0.04145041794087767
0.06348679163696676 9.679886000000002e-05 0.20974712538226248
331749.5540265032 331749.5540265032 331749.5540265032
0.0578139022992371 0.00053208732912 0.1972378083588171
0.08745955142566586 7.1262997266666665e-06 0.2999447910295614
0.06267799264926091 0.0005035491579999999 0.031258593272172064
0.0844103123948862 9.24569686666667e-07 0.031875280326197686
0.057421042182948 0.0006842736221 0.01818488277268049
242117.13387699585 242117.13387699585 242117.13387699585
0.06071014584688268 1.6989363800000005e-05 0.003119796126402896
0.053939684569655734 0.0007801439880733332 0.22184612640163115
0.06437621495262398 0.00025997274615633325 0.15302417940876634
347163.1795786615 347163.1795786615 347163.1795786615
0.05685206280633407 0.00032826175533333325 0.12427761467889953
0.05504744787530132 0.0014295709162333334 0.17319788990825558
0.05364625296513699 0.0008033559223333333 0.4756192966360855
0.06905281900939975 9.265975899999998e-06 0.18115225280326142
0.06172307806873515 0.000101501129 0.14664916411824613
251842.29952429482 251842.29952429482 251842.29952429482
0.05261763795856218 0.0004298180253533333 0.1333841997961258
0.0743788903523698 0.0001003704949666667 0.056931427115188615
244246.29204892967 244246.29204892967 244246.29204892967
0.11647511544332118 0.0007302333602966666 0.04257288481141552
0.053020516836555204 0.0015474484363333333 0.3456028644240572
0.05533469834341789 0.0005705215662666665 0.1850256065239555
0.054607514660754 0.0009168574966666664 0.21705246687053892
205409.3017329255 205409.3017329255 205409.3017329255
0.06453145696897185 0.00011070521999999995 0.14989764525993898
0.06035424422769823 0.00011166725733333337 0.1518577981651381
0.06711648436437415 0.0009058086180999996 0.12059336391437281
0.10156125526174616 5.208135473333333e-06 0.34340074413863286
0.0595640871105666 0.0014397890226666666 0.01013171253822609
338128.88209310255 338128.88209310255 338128.88209310255
0.05892042206203381 0.00015994201266 0.20299229357798199
0.05867407468325891 2.9586297633333328e-05 0.0782384505606517
0.08251607492847964 8.571365477000002e-05 0.47057911314984535
0.05364625296513699 0.0008033559223333333 0.4756192966360855
0.06870295952693369 1.7434052266666664e-06 0.005058195718654179
237577.8839619439 237577.8839619439 237577.8839619439
0.06341858954193502 0.0001606527462863333 0.08560588175331274
0.06476274326429587 0.00017253478021366663 0.32545314984709295
0.05855776201613423 0.0003912947797666666 0.0920863098878697
0.08043278548859967 1.3257919533333336e-05 0.22170517838939974
0.08473329811771202 1.773914276e-06 0.3462689704383277
0.08948668275696965 8.952865433333331e-07 0.2571959429153914
335789.36034658423 335789.36034658423 335789.36034658423
0.061568886038744434 0.00015380495036 0.08599879714576986
0.06669836258909026 0.00011131094123666667 0.019811141692151146
0.05609385194841483 0.0006162938366666668 0.02799006116208025
0.06753927804864238 6.274298877333334e-05 0.3489343934760458
0.06145429972257554 0.00014991311837999995 0.47612640163098785
0.07388109336511968 5.1570501699999994e-05 0.07087791029561696
0.05245516259513038 0.001771088756095 0.4548781447502539
0.0766541334576026 2.4971511456666667e-06 0.4527181447502535
0.055232680461784894 0.0007797077533333334 0.40061010193679847
0.059318995903698594 0.0004385082247719999 0.045173577981651114
0.05849297235535703 0.0002440177913333333 0.20018818552497386
0.05969921025536984 0.0005241737406666664 0.08848044852191705
234139.33486238527 234139.33486238527 234139.33486238527
0.0700858549233192 0.00011700572390000002 0.09651606523955003
0.06592191661375371 7.6884929e-06 0.10914956167176326
217684.1190961607 217684.1190961607 217684.1190961607
0.09701133668637277 3.964395139999999e-06 0.19958948012232547
0.09603784772386018 1.110730586666667e-06 0.009377522935779758
0.08473329811771202 1.773914276e-06 0.3462689704383277
0.08659523849222912 2.039965756666667e-06 0.38397692150866547
0.06549060914027194 2.565333080033334e-05 0.1872733843017329
0.06630917056128156 3.278476789999999e-05 0.13481519877675785
0.07155831192814724 0.00044229527049733346 0.37517176350662584
0.06287225665498042 0.0007993460571493333 0.02097666666666509
0.05421555492490304 0.0006861649751833333 0.21355905198776748
0.06403588738559476 0.00041618176133333335 0.045408358817532246
0.08616354149579197 3.6228735999999995e-07 0.4383771253822615
0.052689733541621944 0.0010425924279733332 0.23098467889908303
0.05700232637470093 0.00011904808366666671 0.08522390417940917
272211.0728848115 272211.0728848115 272211.0728848115
253983.35457016618 253983.35457016618 253983.35457016618
0.37772303581335215 0.07298116256733331 0.04649710499490256
0.05874124706151451 0.0007134894 0.3297264016309889
0.06123276984548768 0.00020854306543333328 0.04066521916411814
0.07096433172297685 7.86166563233333e-06 0.18710104994903132
0.3698369452652247 0.19498808174466664 0.2802638124362895
0.07999436550287083 1.9283947166666657e-06 0.4138031498470949
226984.42490655844 226984.42490655844 226984.42490655844
0.06734569346740882 3.785793666666667e-05 0.08311412844036692
0.05897161237557465 0.00012082457248433338 0.04913438328236408
0.05700980716846345 0.00017185443966666658 0.18387153924566757
0.07688715457446593 5.959008233333334e-06 0.396387563710499
0.059166231619700804 0.0003306344880759 0.07380742099897963
0.09498700319437636 1.6837180033333336e-05 0.1549248929663598
213583.90672782846 213583.90672782846 213583.90672782846
0.05273082219093783 0.0010534633083333332 0.07969591233435169
252818.0045871562 252818.0045871562 252818.0045871562
0.07259861569971651 3.156921573333333e-07 0.08905677879714569
0.05345020951826388 0.0012926697557923334 0.09552201834862384
0.0652961569171353 0.00020968527063333338 0.22310338430173227
0.06690317848775613 0.00010955365561333333 0.312512069317024
0.05831758536919096 0.001432885675193333 0.029562884811416446
0.06066534324294466 0.0004379453748699999 0.2262354536187572
0.06842526666875226 0.0029451882899999998 0.2802168603465849
0.08741316488291506 0.00010245025945666668 0.2523884913353709
0.05939633230831261 1.984720029333334e-05 0.120172008154944
0.08184120070634729 8.289174766666669e-07 0.3949933639143719
0.06117303145500918 0.00019544642333333334 0.27423665647298723
0.06883820858884267 2.4695850933333338e-05 0.014520642201834022
0.05540349353018884 0.0010148493954 0.3245803465851176
269564.3645939516 269564.3645939516 269564.3645939516
379817.8856608898 379817.8856608898 379817.8856608898
0.06641974948350433 0.0012021362766666667 0.09912867482161136
0.0818941281829253 9.172649880333334e-06 0.18708071355759381
0.06581480675848217 1.2481685796666666e-05 0.23708481141691928
0.057333279846667654 0.00064659534771 0.10647427115188668
220472.23921168846 220472.23921168846 220472.23921168846
0.05210417884239693 0.00036055307084666653 0.43989144750254905
0.0518979979587469 0.0005186434871666664 0.37951817533129484
0.07460322379662113 6.599167026666665e-07 0.1230096941896015
0.3434579837409157 0.00020100562599766668 0.27370017329255836
392186.9648318046 392186.9648318046 392186.9648318046
0.05304073829275964 0.0014723045533333334 0.2201695718654424
343199.1080530068 343199.1080530068 343199.1080530068
0.058899403746886625 0.0010841977087533334 0.38282416921508666
0.05740731357514135 0.0006550313530666668 0.1991779408766563
205235.59293238213 205235.59293238213 205235.59293238213
255729.58715596262 255729.58715596262 255729.58715596262
0.07007916365668405 5.4414266939999996e-05 0.25475928644240486
0.07134963084499657 3.151605773133333e-05 0.14869239551478275
0.057050444840821515 0.0006640687339999997 0.24741335372069395
0.0835123026892878 3.1155024699999995e-06 0.42259251783894003
0.053858315559682415 0.0009587705539866666 0.44498739041794133
0.09062253768950759 3.0154926466666666e-06 0.0978587869520906
0.07076275675642055 1.1498069999999999e-05 0.14617467889908298
0.08713146180297573 1.4362188566666671e-06 0.42683965341488284
240171.24532789702 240171.24532789702 240171.24532789702
0.05460112344357018 0.0007147255500000001 0.15311678899082448
0.05721000083265326 8.611884433333334e-06 0.013824342507644971
0.07828446621508614 7.284766066666664e-07 0.25547259938837863
286351.37614678906 286351.37614678906 286351.37614678906
0.054065578177128384 0.0009425381039800001 0.20508596330275264
0.05384834660522564 0.001734358993333333 0.177589062181446
207638.92286782194 207638.92286782194 207638.92286782194
0.054020456840253764 0.0009643005260539999 0.2743615800203858
0.06209718940137579 4.805282533593333e-05 0.12563992864424023
0.05769142956909948 0.0018089598351793343 2.3496432210112772e-05
0.06562357036243105 0.000562724448895 0.06496103975535217
0.07838089294979392 1.5072798036666664e-05 0.3153711518858313
0.056298325293406504 0.00034994399793666675 0.12239013251783781
0.05532297273255104 0.0010812349090166666 0.03486469928644187
0.07257728799790289 1.949767006666666e-06 0.04266577981651398
0.08130123033231099 1.6281466666666666e-06 0.008054740061162136
0.11027811457937539 1.603434996666667e-06 0.20171224260958187
0.06251355290881758 0.0018560723508733333 0.16329956167176407
0.05283253995590024 0.0015090805706666666 0.3331733843017335
0.06447562238056843 9.74575033333333e-05 0.3525801834862383
0.05545443610882339 0.0008567976166666665 0.12891218144750205
0.059992447776348226 3.9967826999999994e-05 0.09743673802242636
0.06686657726436473 6.990169766666666e-06 0.03578937818552452
0.09321267441506281 5.557222870000001e-06 0.3031199796126405
0.05747562523606009 0.0004718808243333333 0.23410921508664684
0.08534091274953158 4.758411925800002e-05 0.22882285423037674
0.08015294556170596 4.4760986666666666e-07 0.1239001019367989
0.05258799323806406 0.00038906236512333334 0.20103693170234438
0.056196420444612885 0.0009824652166666667 0.244373241590214
0.057662033309970065 0.0015399733461099996 0.009445524974514896
0.052876192779133316 0.0015590557425333332 0.3249236289500508
222548.83622154288 222548.83622154288 222548.83622154288
0.05535750817136138 0.0007366302167599999 0.24483818552497505
0.0721188707546393 0.0001893800734236 0.02971633027522902
224731.12895005065 224731.12895005065 224731.12895005065
0.06027460365748341 0.0004940035656333332 0.07082746177370014
0.06702223569954491 0.00016697489239666667 0.23990324159021315
297262.7336051645 297262.7336051645 297262.7336051645
0.058423312505870406 0.0011929644880666666 0.22112800203873517
0.06694628435643404 2.1584893199999995e-06 0.2248484709480123
0.05714293248611446 0.00040544485618 0.26645270132517807
0.054814231947442865 0.001391779166666667 0.09120115188582956
0.07132601058403723 1.3742670199999997e-06 0.18901743119266046
326101.7201834866 326101.7201834866 326101.7201834866
208542.8346924909 208542.8346924909 208542.8346924909
0.07465751048523846 3.999685476666665e-06 0.3868274617737
0.07789948917462744 3.826897633333334e-06 0.45603037716615735
0.05454235729401794 0.00011095948376666665 0.008023608562691908
0.05571238116074369 0.0021897137396666667 0.3098444036697243
0.08660182837694425 1.7403230999999994e-06 0.14365408766564558
0.05245974729534741 0.0019006913635800005 0.4581201019367991
0.0849621131992048 1.1083958526666662e-06 0.33978081549439443
443171.7974855589 443171.7974855589 443171.7974855589
202413.5703363914 202413.5703363914 202413.5703363914
0.06334376235295794 0.0002478005413333333 0.0011565239551467599
444454.3280665989 444454.3280665989 444454.3280665989
0.1015978918088772 1.2042859966666667e-06 0.4753956269113149
0.07072596591704983 8.422501760000002e-06 0.32855956167176315
0.06939421962082315 0.0002803266706333333 0.28127729867482243
0.08973173096972396 6.12580673e-07 0.12479587155963356
0.05487561719799782 0.00029248560499999996 0.2056780020387361
0.057444288211277963 0.00015347690104333336 0.07299071355759379
0.05643915130131516 0.0021234638309999996 0.04808977573904283
0.07839657742418352 5.538139366666667e-06 0.40447277268093784
0.059653214735141846 0.0003349985786666666 0.3549749439347605
0.07668261351473726 4.615158993333333e-06 0.08008875637105017
0.07649012571113004 0.006343172091333333 0.06729291539245841
0.09744563279606633 1.1414084000000002e-06 0.00019035677879619683
0.06117746276658134 6.154191333333333e-05 0.001686493374108533
0.05813048516838451 0.00011437915327666662 0.0809818552497461
0.0526774139232757 0.001914582548666666 0.4572581957186541
0.06395914530473382 0.00053168492064319 0.00402008154943978
352818.26792388747 352818.26792388747 352818.26792388747
0.0683009247099405 0.0005439421199656668 0.40165623853210963
0.07348708453014414 8.587758840033334e-05 0.3332680428134567
0.07216215675303553 8.337584065e-06 0.2925173292558618
0.060857310785936994 0.0007268630806266666 0.07672049949031612
0.060972979497137196 0.0016688447517566665 0.12155242609582073
0.0595640871105666 0.0014397890226666666 0.01013171253822609
0.11781936777461902 1.1333826966666667e-06 0.3458564016309871
0.05765725138070546 0.00023352768673333323 0.12209439347604567
0.05676539039682349 0.00115499696987 0.10135930682976602
0.06700776305061096 1.7271142016666667e-05 0.27493328236493175
0.07036218557732032 1.636963791333333e-05 0.3710330275229352
0.059089633729205907 0.00011724480866666667 0.0015326401630986197
0.06156720109203672 0.0003917694146966666 0.24637138634046707
0.10521199317646102 8.783810266666665e-07 0.19385055045871713
0.06414840521973908 6.16415601e-05 0.16755155963302792
290410.09599048615 290410.09599048615 290410.09599048615
0.05400250526379983 0.0007137306051566665 0.0568467380224269
0.052651468345333845 0.0018914044966366662 0.4584666768603469
0.08651947719538983 3.5410055800000005e-05 0.23620476044852134
0.06652499057417512 4.6713115000000006e-05 0.14533349643221083
0.09125466324017087 9.181113933333335e-07 0.36166806320081424
0.06049561895087041 0.00021077619666666657 0.008655443425076292
0.055515089893862626 0.0007886935090866666 0.11857447502548446
0.068970361602904 1.870686283999999e-05 0.11238636085626963
0.054418011056267424 0.0008168610983633331 0.14604353720693286
0.06020587164909415 0.0014445595063333329 0.014324587155963187
0.07379475421320683 0.0002249736741633333 0.14516239551478005
0.05639684401636902 0.000190840893 0.07072390417940788
0.07175881553588202 1.7608313500000002e-06 0.017138419979612962
201091.64542983304 201091.64542983304 201091.64542983304
0.05641558912213569 0.000130788729 0.04866958205912342
297332.951070336 297332.951070336 297332.951070336
0.05451599402451101 0.001427717519666667 0.3993459327217139
217239.25416241953 217239.25416241953 217239.25416241953
392239.55572545034 392239.55572545034 392239.55572545034
0.05948477152456836 0.00037964855412 0.0018073802242613013
0.05270717305657805 0.0019008668218933335 0.4590247298674828
0.06417360700561621 1.3565784999999999e-05 0.14661064220183428
0.074251613656244 0.002213049941666667 0.21867304791029607
0.07324581056654891 1.958184946666667e-05 0.21831757390417783
0.08320358336004044 2.0316216733333336e-06 0.43896257900101987
0.06874853653425501 0.00069310482495 0.43698627930682976
0.07033175605666478 1.6821910199999998e-06 0.17630915392456714
0.07484879739498887 4.6979253596666655e-05 0.4600498674821618
0.062342530560084125 0.0005667239903333333 0.4565566055045869
0.08114165922634009 7.386250370000001e-06 0.05082324159021301
0.0536600631257836 0.0006263935166666667 0.37076889908256927
0.07480879884384606 6.7217212499999985e-06 0.35230878695209045
0.05586071338585922 0.00042634171666666666 0.04065019367991907
0.05496504756093952 0.0002012514423333333 0.2246513251783897
0.06456213837548148 2.2185354086666673e-05 0.24678064220183504
0.055932082737086865 0.0009812661951333335 0.0313821814475026
0.0541202441454004 0.0006494902101733331 0.009095423037717598
313548.81073734333 313548.81073734333 313548.81073734333
0.12016199272097103 2.8927997935333333e-05 0.40923455657492336
0.09904917544217746 5.4087067e-07 0.11052325178389433
0.08691707272256449 4.367185703333333e-06 0.05804594291539322
0.08446865052599087 1.7710885333333336e-06 0.27549290519877667
0.05905669891676405 0.004183248066666666 0.21352158002038735
0.06953135249054627 4.6462831682e-05 0.1557224362895009
0.05710477369932746 0.003807591826666667 0.399023394495412
0.06335370726629364 7.03524753333333e-05 0.014208837920489437
0.05368815470174363 0.0009680674363333334 0.3766844750254843
0.06950697942000224 6.442687340933334e-05 0.3513674413863406
0.05500615971283347 0.0012179700016666667 0.04525901121304621
0.06907361783360444 2.543981421999999e-05 0.12433469928644181
0.05439069195918677 1.6116389333333333e-05 0.2290107951070337
0.05718940545601784 0.0003712996864333332 0.30314630988786995
0.060039619333095096 0.0002912375666666666 0.01558191641182427
0.05639952173690184 0.0016743294746666664 0.0309620591233446
0.059919481970810165 0.00018455658999999997 0.060047971457696914
0.05628803528647344 0.0012433147227666665 0.4677184097859328
0.06425301346229131 0.0007486674206666668 0.0052020183486241045
0.1004661878031103 6.028102585333334e-06 0.2500226911314991
0.09916755390431649 6.076540083666667e-06 0.20227934760448552
0.059659014310475815 0.0006724635727666667 0.13892013251783863
0.08320358336004044 2.0316216733333336e-06 0.43896257900101987
0.054154740668684975 0.0018923229499999998 0.16084976554536246
0.05844803837746049 0.0003169467516666666 0.11362571865443405
0.07065604773274566 0.0043894788 0.03714432212028518
0.08002211090944955 2.4997771299999996e-06 0.37410875637104946
0.053312711467329923 0.0009635736800000001 0.23143332313965148
256788.2262996939 256788.2262996939 256788.2262996939
0.08730363947960362 7.437593084999999e-06 0.212411916411825
0.051895935135126275 0.00036650627609999996 0.46607955147808333
0.07487692837552769 5.2641538333333334e-05 0.33891030581039683
0.05350833431644634 9.216118316666666e-05 0.4024460448521916
0.05226395342177925 0.0011450029699000002 0.11206870540265124
0.05600020896508465 0.0004583933826133333 0.05416360856268998
0.0586084507313023 5.686003133333332e-05 0.06759347604485155
0.09055794802109925 5.443546518666666e-05 0.05650924566768589
0.08200206723858992 9.111394533333334e-07 0.4572581447502546
0.07250925712502998 1.81666588e-06 0.0985125076452591
0.0819111561167111 1.6699877033333325e-06 0.16544297655453688
0.0708996863277685 5.768284833333331e-06 0.3130767278287454
0.06558806891270937 0.00010596048899999998 0.19578622833842996
0.05833565151266118 0.00010431134097 0.02571016309887808
0.05950783375881085 0.0009685546300000004 0.29438939857288426
0.07956482049241309 3.2382364799999987e-06 0.10048812436289545
0.054033141898468445 0.0008158107570000002 0.47531968399592106
0.05273545277731213 0.0009727105276666665 0.14496954128440231
0.06993282983538651 5.675561213333334e-06 0.39565788990825723
0.07031907940075062 0.0038275388666666665 0.08018757390417841
0.05329517872833896 0.0009324982642333333 0.06009902140672718
0.07670491532228621 4.462497679733334e-05 0.4629965647298664
0.10311690069118314 2.5753620699999994e-06 0.26472925586136764
0.053192343125777655 0.001227924626728333 0.27583907237512806
0.05392232183331668 0.0012089244193033335 0.07829370030580973
0.061638329891773896 6.603086999999998e-05 0.18475122324158955
0.05890141636523153 0.0023261792866666664 0.1051673802242612
0.12047021546199077 3.2592989999999996e-07 0.3387585830784916
0.059306711345083654 0.0002336385521466667 0.3457086952089701
0.08364499047790452 9.021536666666666e-06 0.3639790214067271
0.05980392165105053 5.369989766666666e-05 0.024639500509682666
0.064113157289809 8.351364633333333e-05 0.3515386646279306
0.08725302058614662 5.437118116666666e-06 0.20050485219164127
437260.9369690792 437260.9369690792 437260.9369690792
0.37444358672341305 0.3353546963768333 0.06453075433231437
236985025857.9681 236985025857.9681 236985025857.9681
0.05929610797755114 0.0004094010865299999 0.30072642201834876
0.06140550987224857 0.0002970010702623333 0.13463613659531015
0.06180627780435613 0.0004582429163333333 0.0010121304791037566
0.0597353858575584 0.004800486800000002 0.26156930682976576
0.06650409484362477 4.8204303184666664e-05 0.09159585117227387
0.11309349303864785 9.075637949999999e-07 0.2646241080530056
0.05881591480054234 0.0016719589703333326 0.16727220183486313
0.08184019274300475 5.2594373995999987e-05 0.41257828746177316
0.052298242747047745 0.0006926854976333333 0.3649695310907237
0.05564263965053824 0.0013646776353799998 0.40538685015290543
0.09707388679182621 1.13895963e-06 0.001957115188583547
0.05421627415918051 0.0004462207133333334 0.10322520897043796
0.056322555494729455 0.0006726417094266667 0.33737606523955055
0.07525994270826737 7.280173189333333e-05 0.14467592252803296
0.06146050536989314 0.00010709043933333334 0.09430628950051023
384870.0518178734 384870.0518178734 384870.0518178734
466883.87274889485 466883.87274889485 466883.87274889485
0.06735854406138626 0.00020332354433333328 0.15333992864424228
0.055703821087334286 0.0004908497696666667 0.47901137614679
0.06126640509324999 6.541901804333334e-05 0.0360586238532119
0.08794758806568832 5.361098199999999e-06 0.050655535168196764
0.07301275548622872 0.0014365171071000003 0.47938135575942886
0.06536088777430227 4.306675585566666e-05 0.13091116207951092
0.07349523717758953 1.0181896196666665e-05 0.08411182466870493
212593.505776419 212593.505776419 212593.505776419
0.05719401400066859 0.0010738531362999998 0.07300289500509605
0.08760291365835023 7.144219193333333e-06 0.0014146788990827552
0.05385028982147554 6.442201966666669e-05 0.24419925586136593
0.05652927454236485 0.0006274796581 0.14780830784913368
0.06061949731736427 0.00021068107033333334 0.033709622833844044
266622.6639483515 266622.6639483515 266622.6639483515
281057.7471967375 281057.7471967375 281057.7471967375
0.05528405881162471 6.430851800000001e-05 0.04372114169214969
0.058773161468596596 0.00012980124933333336 0.15831167176350647
0.06253956935274381 3.6896708e-05 0.08346889908256871
0.05701880682839836 0.0011510137467546666 0.05969766564729717
201052.7437988444 201052.7437988444 201052.7437988444
0.05838099984456553 0.00035568203333333323 0.23086572884811485
0.07817077624601994 1.7165158016666665e-05 0.4179531396534153
0.05589932142118136 0.0007607079666666666 0.3437670540265043
0.053508190776858006 0.00106195769171 0.21527459734964394
0.05479154056937097 0.0007198638486166666 0.21038573904179447
0.06601195470193344 1.8934789053333328e-05 0.016034138634046347
0.3837081863210872 0.4569390073392918 0.45801814475025404
0.057009934435074405 0.0004996695596199999 0.18067373088685068
0.06013321663664428 4.527390403333334e-05 0.06840302752293548
0.06403802701288686 1.951804186666666e-06 0.014378664627930693
0.0595640871105666 0.0014397890226666666 0.01013171253822609
0.07344052882257257 5.2531510299999996e-06 0.10173270132517809
0.05914634868384423 0.00010096339766666663 0.03180257900101813
0.06103189289102147 0.0006160452223066667 0.12060107033639245
0.060483921893235815 8.63066115333333e-05 0.0343227828746171
0.05641558912213569 0.000130788729 0.04866958205912342
358499.817363235 358499.817363235 358499.817363235
430625.67108392756 430625.67108392756 430625.67108392756
0.05568954016926652 0.0011674047513333331 0.039149194699287015
0.05247419355481937 0.0019031831185866662 0.4577980428134558
0.05535148770436733 0.0009519621720212998 0.39345639143730926
0.05835041124345226 0.00030843038833333337 0.1222938430173297
0.053498176734681116 0.0004080954190466666 0.2619547400611615
0.07135742131246399 2.5475697466666667e-06 0.13962969418960247
0.05741620969500841 0.0015268756585733333 0.04559299694189578
0.06451365306035539 6.135295955e-05 0.17987598369011293
0.06822505217512867 1.0399696e-05 0.1204447502548418
0.060012257063546626 0.00027569625169000003 0.12155708460754289
0.06810409125618225 0.0038082163253333333 0.28589583078491243
0.08159640634028087 6.187151676666665e-06 0.16228220183486197
0.0595640871105666 0.0014397890226666666 0.01013171253822609
0.07638892545826055 7.14862679e-07 0.12541621814475068
0.05628951659749263 0.00010607755366666668 0.2348827013251782
0.0529782703410336 0.0014287601283 0.31201334352701426
0.08173097918539551 1.144095178e-06 0.39498208970438187
0.06319699251903946 3.3169655916666664e-05 0.1269515800203873
0.06456213837548148 2.2185354086666673e-05 0.24678064220183504
225021.97162759074 225021.97162759074 225021.97162759074
0.0794085912979204 4.491707206666666e-06 0.27198943934760544
0.08808113855010494 3.691852033333333e-07 0.20052441386340458
0.07216721225162555 3.080587112333333e-05 0.15106433231396377
0.058015246767701124 0.0007465872866666668 0.1977988277268108
0.05904255327736274 0.0010512561480999997 0.022612405708461125
0.05575461180406911 0.00100915667302 0.2616060856269118
0.06993282983538651 5.675561213333334e-06 0.39565788990825723
0.06284180041829941 4.7207559933333326e-05 0.34181031600407774
0.05253665172690303 0.0001743700956666667 0.4238674108053009
0.06636909876735005 5.3644634736666666e-05 0.3311532721712531
212735.21491675184 212735.21491675184 212735.21491675184
0.07683030796712512 4.878298823333331e-06 0.2741314576962286
0.0833649169533659 5.343705806666665e-07 0.10525520897043839
0.06503235588398922 0.00012037988748333337 0.2727523955147797
0.05976685749304378 5.4695577333333325e-05 0.006215484199795895
0.08378984467029456 2.57729005e-07 0.39552304791029513
0.05299489723108826 0.001654451893 0.3616649541284409
0.06416440581728958 0.00023215773999999995 0.17125752293578067
0.0784538796102763 7.135065066666664e-06 0.3740830581039747
0.05445920665288491 0.00046389626649999985 0.12688715596330313
0.05244086139453685 0.0019237853873599999 0.4570157492354747
0.05877238867287833 9.356705199999999e-05 0.00231998980632131
0.07720123624648068 7.899444066666666e-06 0.2242672273190638
0.05820003154243669 0.0003040237733333333 0.038906564729868975
241810.2488956848 241810.2488956848 241810.2488956848
0.05750162365656263 0.00011270920695666666 0.18793657492354754
0.05939633230831261 1.984720029333334e-05 0.120172008154944
0.05681896164413576 0.0005470388539 0.3623000407747199
0.05809150473489366 0.0016607406028026667 0.06260117227319029
221297.83809038383 221297.83809038383 221297.83809038383
0.05913342008091767 0.00045026738167240014 0.05349246687053988
0.06977061703224732 3.3090070866666654e-06 0.006094709480120919
0.07511336025343587 1.6773590533333335e-06 0.20926293577981614
0.06847511667795025 0.0002935134286666666 0.24003462793068264
0.05807223874551766 4.6273451e-06 0.10411493374108138
0.07625894750305542 2.0483583666666667e-06 0.30802447502548214
0.06857353196657696 5.959949543666668e-05 0.026367798165138012
0.11721387429955404 1.8679477333333341e-06 0.29195863404689026
0.07072473330697478 1.78863712e-05 0.20016743119266112
0.05484751533421291 0.0009931842100000003 0.028566727828746696
0.052651468345333845 0.0018914044966366662 0.4584666768603469
0.06911641389862191 4.221800333333334e-06 0.11525628950050981
0.053617622223817454 0.0006043246705333333 0.1044777166156976
0.05569643208422651 0.0004888746227699999 0.06299085626911216
0.05671744485465727 0.00031151349001999997 0.02002057084607456
0.068970361602904 1.870686283999999e-05 0.11238636085626963
260621.03720693107 260621.03720693107 260621.03720693107
0.056200975403981085 0.00028785182899999993 0.19014037716615828
0.06234668184038017 0.000233707265 0.0013084199796136176
0.05646730395440332 0.00113587626237 0.09850937818552463
0.054667997835044196 0.0012350018163333333 0.0011048827726813926
0.08074706869299138 5.708255300000001e-07 0.10211250764526092
0.052744667380525814 0.001813874692766667 0.4287591946992855
0.08401801588034047 3.10825909e-07 0.24186865443425187
0.05589841194450762 3.261078300000002e-05 0.04695378185524968
0.05961929321338377 0.000417708663 0.15839970438328121
0.09899280845191827 1.7460017866666664e-06 0.04620002038735915
0.05908504234625758 0.00018030712033333335 0.06071201834862272
0.06758888626910593 2.4582351070000005e-05 0.07970769622833673
0.05561745132372345 0.0009655788465013004 0.002932293577980527
0.06553530136664072 1.3269094123333335e-05 0.21115634046890808
0.06844888144164248 1.813596095333333e-06 0.02070564729867419
0.06016273987031062 0.00213130241119 0.0663195922528037
0.06486512332223215 0.0010764467167533333 0.2800946992864439
0.05591123443420413 0.0012692580133333337 0.3726422833843017
0.0975171105520894 1.1707892e-06 0.0027503465851168585
228329.93968739413 228329.93968739413 228329.93968739413
0.08452835413903259 4.656301933333334e-07 0.17204984709480087
0.06818024527926321 1.3447102186666665e-05 0.36400790010193695
0.05931125178260376 0.00032355187577666657 0.29073895005096917
0.08246446948146109 7.255428419000001e-06 0.35194890927625
0.0718300162176844 3.419811972333333e-06 0.24476145769622892
0.05235726601334663 0.0012691466593000003 0.2529574209989809
0.053943751194959345 0.0012462364729433333 0.10217601427115142
0.08900314369204956 1.199454432e-06 0.07150374108052926
0.055575813271449226 0.0005376136298166665 0.00836600407747179
0.06331134051508028 0.00010846472286666665 0.17274250764525956
0.07462317872536202 1.3908308414666665e-06 0.2445017431192662
0.061169781454429265 6.308863933333335e-05 0.024574067278288148
0.05528193958203165 0.0014922005499999995 0.13995466870540296
0.057111849088072465 0.0006384499177133334 0.15928241590214087
0.05980865928848566 0.0019517774578299998 0.0413647502548411
0.09038919414395037 1.8891682800000006e-06 0.4794582364933744
0.061014000597811514 0.001266640731623333 0.3721671253822638
0.05689529989276146 0.0011729275967333334 0.4774248929663605
0.055742960549880885 0.0004131574526600001 0.22322457696228293
0.062213112793278603 0.00016779128934666667 0.08991060142711449
0.059273476843166674 0.0005186962320963333 0.3138910295616717
427673.2883112473 427673.2883112473 427673.2883112473
0.055619542888399764 0.0004154012784333334 0.4772411314984719
0.05511528285105575 0.0015657513672400006 0.2554221100917431
0.05845970086991836 0.00012970793361666663 0.3522682772680934
0.061826748237264785 0.0003341521048666668 0.02210426095820628
0.055447433110409006 0.000548584243 0.05443149847094819
208128.1048250083 208128.1048250083 208128.1048250083
220987.30462113392 220987.30462113392 220987.30462113392
0.07931066028516756 1.2843035000000003e-06 0.20039997961264122
0.07196026700542571 7.504109666666666e-06 0.13654619775739096
0.0689776495925174 1.0531742466666664e-05 0.44123362895005114
0.054433595794857285 0.0007215647403333332 0.3171305402650342
0.06490414501050268 0.0006078286439876667 0.3788391946992862
0.05687076426441306 0.0014324930419666669 0.025571539245666575
0.05673306090132757 0.0008957855566666666 0.06698082568807395
0.060383808271107 0.0001708933406933333 0.26586163098878624
0.0533200350167935 0.0006000787403700002 0.0949919062181448
0.06467324424071504 0.0007588352675633333 0.027501814475025643
0.06129552515415437 7.025915806666664e-05 0.126899796126402
213400.5479102956 213400.5479102956 213400.5479102956
0.23592613533555612 3.632754590966667e-05 0.08772041794087615
0.056165581134014375 0.00016761835833333332 0.07438337410805351
0.05815443339342859 0.0016950775688666664 0.2755840978593276
0.061263073550484985 0.0013829849386666666 0.017208195718652064
0.07756764279329365 9.603911534e-06 0.32433662589194734
0.056186464205047394 0.00010918534033333339 0.04696410805300655
0.05565564271219158 0.00017487903383666667 0.014905300713557779
0.05351737731972164 0.0013972047392666665 0.2796107645259944
208395.31090723784 208395.31090723784 208395.31090723784
0.06954253148952963 1.822947873333333e-05 0.30298713557594326
0.08805718720499107 1.334390666666667e-06 0.002777268093783203
0.061989898847143336 0.0005621435443333333 0.31898754332313883
0.07599438116769175 6.389937445333333e-06 0.12076881753313096
0.05421662759797741 0.001758023618333333 0.41401048929663586
0.058634756630991304 0.0015211626191133332 0.013373272171254058
282495.6719334017 282495.6719334017 282495.6719334017
0.07425630198588136 1.7381498783333333e-05 0.04334237512742156
0.0849621131992048 1.1083958526666662e-06 0.33978081549439443
0.056213948115280354 0.0010243682666666665 0.1012875942915401
0.05547891162505636 0.00029650419499999993 0.4508592456676861
221096.02871219857 221096.02871219857 221096.02871219857
0.07505366218994654 1.889494805999999e-06 0.29583126401630944
0.05264727043092421 0.0005324033198333333 0.3917811009174308
0.06115815392920121 0.0016126406288606663 0.09352345565749198
0.06046533271053966 0.00020200291639898 0.1685443119266039
0.05892786390296763 3.265648844666666e-05 0.30978497451579967
0.08312484453369987 6.4994386899999995e-06 0.15204552497451695
0.059123325733690724 0.0005293119189966664 0.04784057084607518
0.07134537894779128 7.992147633999999e-05 0.41232448521916476
245862.95871559615 245862.95871559615 245862.95871559615
0.07802709008633305 8.200089133333333e-07 0.017175392456677763
0.05813981465947829 0.0011268399040866668 0.11363279306829766
0.060189549523265565 0.0006428362499999999 0.1112243628950047
0.0541151969131266 0.0007059757049999999 0.12783448521916352
0.05301006899786401 0.001259757059483333 0.08610290519877717
0.08918827022987204 2.862748289333334e-05 0.14269732925586176
0.056756649758678474 0.0007208815649233334 0.2724139041794098
0.08473329811771202 1.773914276e-06 0.3462689704383277
241829.8419979612 241829.8419979612 241829.8419979612
0.05477584963327327 0.0006084052388999998 0.05870144750254935
0.06619334682248948 6.748524628433331e-05 0.13415021406727945
0.0521461874406397 0.0017617605980000002 0.4060767686034654
0.052461477054820474 0.0006789339445499998 0.45006909276248663
0.0839627466910319 9.436533913666665e-05 0.3411866156982666
0.05400408637394075 0.0011719614476623332 0.22393334352701189
0.05714499105193164 0.00041284614974000005 0.4156602650356773
0.0632453320204663 0.00044486993596666666 0.03493998980631963
0.06764220592198233 6.907710999999998e-06 0.17107168195718714
0.11677002065239139 3.3507729999999985e-07 0.30032627930682887
0.061470309900090836 0.0003633488428666666 0.025812405708460773
0.07983978729149084 7.351968296666667e-07 0.258924668705403
0.055841176081245086 0.0004924517013333332 0.45336521916411776
0.08141412615810123 1.4488949333333332e-06 0.2765079102956163
207544.01970778158 207544.01970778158 207544.01970778158
0.0598385309874226 0.0010757915733333335 0.008759021406727907
0.062063175248990035 0.00047150227129333334 0.001392915392457006
0.07147478692210307 0.0035237169685333326 0.2508819979612631
0.07346544354519864 0.0007419846160666665 0.12953423037716805
0.05777385622309061 0.00012523148667 0.017887502548419754
0.06871214473397491 1.9426639996666666e-06 0.20290954128440397
0.058072697249979946 0.00011325810443333332 0.019954434250764486
212700.94291539298 212700.94291539298 212700.94291539298
0.055396295793131614 0.000665320496 0.00510345565749315
0.05839833993290292 0.0028687663546666663 0.46328299694189745
0.05385831841468872 0.0007445870250666668 0.05710656472986564
0.3711860569936412 0.14360825578994665 0.4599727420998976
0.057711801004249434 0.0012596261433333333 0.04346349643221181
0.09925273469182885 1.1725992899999998e-06 0.03758014271151966
0.05732756268302171 0.000111054918 0.1686272171253833
0.10069888472611602 7.954480671666666e-06 0.2648601936799193
0.07558106897656187 6.333250946666667e-06 0.4575586136595313
0.07213342737395152 1.1443053866666667e-06 0.1664512130479121
0.056935902600515315 0.0001169496113 0.03296236493374183
0.0601315135694926 0.0007726163048899999 0.025294118246686814
0.053376038634908474 0.0009564402213333332 0.22433070336391436
239388.43017329247 239388.43017329247 239388.43017329247
0.05833809874174437 2.739474966666667e-06 0.29266099898063125
0.07838297083438171 1.953192527e-06 0.3082285117227306
0.05208001420896147 0.00085418320772 0.3601687359836907
0.06001761662564952 0.0023708267950999984 0.08645659531090777
0.056665567208067064 0.0003717032266666666 0.1312429357798175
0.06682850522530348 1.5472082486666664e-06 0.07683144750254911
242360.17669045218 242360.17669045218 242360.17669045218
0.06008595151305999 0.00021600020950533335 0.09663003058103836
0.08939512730104907 6.765455589999997e-06 0.08772950050968253
0.05929345143335577 0.00036123833596666665 0.22609074413863217
0.11747692986079997 4.171796333333333e-07 0.30973747196738044
0.056801420710924526 0.0011243168336666665 0.039238399592253614
0.06831486866342787 6.793161960000001e-06 0.2983833027522933
0.06845357122960005 1.5811076616666663e-05 0.3736660550458706
0.3696042691843897 0.11779725842539997 0.3350153109072389
0.06756785917955935 1.2724516986666664e-05 0.28686502548420023
254548.5176690452 254548.5176690452 254548.5176690452
0.06740866608234315 2.0610861345999992e-05 0.2629459734964317
0.09976680338360062 1.3566505653333335e-06 0.3586870948012222
0.059475926271096435 0.00048797163727199995 0.3360032823649326
0.07250835328187473 7.581880536666666e-05 0.32893587155963244
0.059977707886066746 0.00014509339278 0.08691417940876711
0.05388583846952644 0.00037648909980333333 0.25711120285422995
0.05572636613454932 0.00010455323533333337 0.12207019367992
0.07127633504713687 2.7944439879999998e-06 0.34119136595310895
0.0546261065745595 0.000284986045888 0.4587815800203874
0.09963258037580239 1.07795341e-06 0.026542721712539574
0.08531619650701716 2.9371292773333333e-06 0.36876443425076433
0.05482187881917988 0.00014970885433333335 0.07688316004077356
215140.07390417956 215140.07390417956 215140.07390417956
0.05458293087839642 0.0016609956341999996 0.10077740061162199
0.06421316825325352 2.1368314333333335e-05 0.1744013863404681
0.06124659016177665 1.4028203e-05 0.15370163098878553
0.05648302544416575 0.0008926496874383001 0.07118599388379065
0.05389987430035125 0.0020034190157792666 0.47530791029561614
0.0574536810016046 0.0007051665234613332 0.10957425076452543
0.058388174885361216 0.0008404420438333332 0.4747462996941878
0.05528398998216613 0.00020816639466666664 0.3573194699286444
0.057351889348286084 0.00029993573493333325 0.3170806218144744
0.06250146851465388 8.543058573333332e-05 0.41127556574923574
0.05257948013802771 0.0010168749652666664 0.23922502548420121
0.05326681058178269 0.0009667511091333334 0.47042888888888834
0.055745962900868785 0.00038109839443333334 0.12431536187563763
0.0528636162273417 0.0003789767666666666 0.17225005096840018
0.06995150156185577 0.0012966810227666666 0.06701058103975521
0.053703283658833846 0.0011082757909283336 0.1278627319062191
0.05664512295876223 0.0008935605340666666 0.03601988786952015
0.056788056263027 0.000187144858 0.2536990112130484
0.054224418150872124 0.0005743342434166665 0.18190322120285485
0.06868655742054548 6.465581176666666e-05 0.09999885830784816
0.06275531133336312 5.976606200000002e-05 0.03622654434250849
0.05560902550749839 0.0008454038233333333 0.133110244648317
0.061819897391997294 0.0002257030499866666 0.07366788990825635
0.05870628610257426 0.0013024587249999997 0.00037494393476134036
0.06143434811828581 8.223871520666668e-05 0.19703993883791782
0.0548595647399063 0.0009735227267033336 0.15607106014271155
0.05425972090795035 0.0013750759129999995 0.47113279306829625
0.058497873273360604 0.0009258209810000001 0.4605410295616701
232111.6462793069 232111.6462793069 232111.6462793069
0.05697405727047558 0.0015216600172333332 0.12257711518858372
0.06294613068770882 4.9632205799666664e-05 0.31639816513761554
0.08668965038864784 3.343029066666666e-07 0.37034731906218354
0.06731511031027115 7.940703529999999e-06 0.28417064220183397
0.05322430822978885 0.0004781150813666667 0.12834666666666816
0.05486386020593062 0.0012907388964766668 0.1745007339449547
0.10005913667579687 7.4288156e-07 0.09987553516819592
0.0768820717346326 2.9833141733333332e-06 0.4039019367991854
390998.3987427796 390998.3987427796 390998.3987427796
0.07971774302576243 2.5603074133333337e-06 0.0791759225280324
0.36196712153826766 0.017826146892999998 0.13851229357797967
0.060547031182007285 0.0002363711187 0.059271661569825884
0.05723809862085172 0.0020257148565333326 0.20533568807339408
0.064909006618213 3.228199996666668e-05 0.10837583078491342
214064.1946992865 214064.1946992865 214064.1946992865
0.10357977827552103 2.398452898333332e-07 0.03308568807339496
0.05490809753387933 0.0017672431233333335 0.44559439347604446
250580.50883452277 250580.50883452277 250580.50883452277
0.058558553646912426 0.00020820743428666668 0.08535433231396716
242685.1851851859 242685.1851851859 242685.1851851859
0.06034693614004423 4.930181294333333e-05 0.032288603465850496
0.0642104847826741 0.000137955140334 0.03731398572884759
0.08268584628875889 1.4536575143333335e-06 0.11726709480122333
0.061379675637138975 0.0002483308471166666 0.05822345565749121
0.08423477862620993 1.2272544799999997e-06 0.428268379204894
0.09292133699667815 1.913505419e-06 0.09259848114169067
0.05964427168288248 0.0006805085711700001 0.15749072375127504
0.06329336905678629 0.00018414235371066673 0.28288626911314996
0.12048405127500604 5.780893100000002e-06 0.4641912334352707
0.05670281751048108 7.2621829e-05 0.032171111111109596
0.0716274153956439 4.451590576666667e-06 0.3512106116207958
0.06082156529605764 4.2991113850000014e-05 0.20308674821610628
0.07340641243581077 3.6472536266666674e-06 0.22328737003057997
0.07552587200899526 2.9970379033333335e-06 0.12936026503567533
0.05280158028372616 0.0018575709438845996 0.35215595310907144
0.10042694738462682 3.036929838666668e-05 0.40296403669724823
0.0545872960183621 0.00038329098407033336 0.11845681957186693
0.08234353372907505 2.2313858523333328e-05 0.09405875637105154
0.06042240195424449 0.0006731609696666665 0.4718503975535171
0.05448652503517918 0.00213302596 0.045060784913352414
0.0598385309874226 0.0010757915733333335 0.008759021406727907
213588.5958205903 213588.5958205903 213588.5958205903
216239.22018348685 216239.22018348685 216239.22018348685
0.06636497099979055 0.00019632815476999997 0.18759909276248843
0.0770501782690592 4.661892493333332e-06 0.26608939857288494
0.06369605298895771 4.506397121266666e-05 0.28048081549439363
0.05639423268390409 0.0006292630835033334 0.2877882568807335
0.057374059909080025 0.000150987365 0.042359418960243644
306965.3117567102 306965.3117567102 306965.3117567102
251169.82670744136 251169.82670744136 251169.82670744136
0.0535513341474394 0.0022540519644 0.3708791641182465
0.08220650521092653 1.7878022533333334e-06 0.054090642201833905
0.06141952680859075 0.00015871812433333334 0.09868348623853329
0.07245629723801757 0.00013546015433333328 0.37183979612640083
0.054349120462363544 0.0011181682355833331 0.20915404689092743
252642.46092422772 252642.46092422772 252642.46092422772
0.07311913638679801 6.809241666666665e-07 0.08885742099898186
221716.88328236528 221716.88328236528 221716.88328236528
0.06565540547416693 1.6713464833333338e-05 0.15515986748215793
0.07264071663021823 3.6040237033333336e-06 0.24778145769622828
0.0654546456675539 0.00010378751635333334 0.1670525382262995
0.07131118601989779 1.8382155999999994e-06 0.18481233435270195
0.053703844298882156 0.0009127477780218668 0.17493011213047893
0.05787132773860611 0.0007110031270433334 0.10297183486238515
0.0689561164533894 4.4805983383333344e-05 0.15421311926605474
0.05369996556843773 0.00017677643133333332 0.04694658511722771
0.0816321256222979 3.30094334e-06 0.44256076452599435
0.05384029471758204 0.001665115541327667 0.22307520897043798
0.08183760590735137 3.7790616133333334e-05 0.25183353720693313
0.38065110228312266 0.380657187475664 0.35548017329255854
0.0539903994970539 0.0008709705609100002 0.011796299694190271
0.053904637477576234 0.0017189136415000003 0.3709796534148819
0.06543339869353115 0.0004025283605773332 0.12692972477064224
0.0736084906824161 8.83552653333333e-07 0.10459713557594386
257066.01681957187 257066.01681957187 257066.01681957187
0.06870295952693369 1.7434052266666664e-06 0.005058195718654179
0.07293900134336358 2.6687746733333334e-06 0.007555932721710068
0.06163392503883657 0.0003477309913333333 0.11308917431192667
0.07115138085091602 0.0006860112125933333 0.21168864424056988
0.06312740596608353 0.00023919834333333332 0.23087813455657358
213001.42711518778 213001.42711518778 213001.42711518778
0.0584965922612128 0.00061727985 0.44543773700305755
0.06259247485572231 1.0163434056666666e-05 0.06164242609582171
0.05408556114554153 0.0005258786754199999 0.26272934760448496
0.08939845901860058 2.8898129480000006e-06 0.4338095514780844
279584.0851172271 279584.0851172271 279584.0851172271
0.07517751697326891 4.937206826666665e-06 0.35119948012232527
0.06667979109261346 8.4198117811e-05 0.31771785932721786
0.06105077293098049 0.00027058247566666665 0.36613837920489134
230399.176010873 230399.176010873 230399.176010873
232895.0475705065 232895.0475705065 232895.0475705065
0.05544214863644136 0.0010969947072999998 0.1253957900101934
0.06775324599762092 0.00012144043756999994 0.15621937818552523
0.06203475741292093 3.288294666666666e-06 0.14244450560652355
0.05613954155430541 0.0004412685840000001 0.4788213149847085
33433870.217465162 33433870.217465162 33433870.217465162
0.05854367153153453 0.00050512156467 0.418010917431193
0.05863363380229554 0.00020422258272333332 0.3245484199796107
0.06830686970770508 4.0848440000000015e-06 0.008617900101936193
0.059374077652155 0.00021966961374999993 0.060620805300712455
0.0575403223671802 0.0011991514225786332 0.12352232415902042
375912.44053686725 375912.44053686725 375912.44053686725
0.0550088718707931 0.0011364222594 0.41121826707441356
0.057539800040528714 0.00030531486089999994 0.13997843017329314
0.07302774711393326 5.2503289446666676e-05 0.36620013251783856
0.061328035944466966 0.0009193673961333335 0.06757833843017425
0.05834899517862069 1.645092793666667e-05 0.0779979816513765
264212.18569486914 264212.18569486914 264212.18569486914
0.060443437524783206 9.304135433333331e-05 0.2758277166156975
0.05529499175080077 0.0007217049722576666 0.08196413863404839
0.10092380311171556 7.377065496666667e-06 0.2746777675840977
0.07158119953282394 2.966061383333333e-06 0.21917941896024562
0.05763443743041429 0.0006455997103399999 0.0010176248725786152
0.06717985071859156 3.2386926366666666e-06 0.0009485423037727259
0.054211875015534185 0.0012190597273239998 0.40489817533129635
0.059642929254078096 0.0003126294037000001 0.2842708460754344
0.10357977827552103 2.398452898333332e-07 0.03308568807339496
0.052868196761672905 0.0016285897161666663 0.37989146788990924
0.05554432935163445 0.0005496402255 0.010044882772680896
0.059859430456622 0.0004520205989766667 0.35102591233435554
0.057729698036627565 0.0015228289843333335 0.3978322935779812
0.0701473350602331 0.00024920629380600006 0.3148886646279303
0.054899147106433954 0.0005637459963333332 0.10873416921508516
0.09597407281024913 5.672717473333334e-07 0.20689726809378106
0.05346735535141685 0.0006940100219466666 0.24148027522935767
0.1064647169967653 1.2340783280666668e-05 0.24721194699286553
0.07682056372603008 1.6199505799999996e-06 0.39651375127421096
0.06276406222480782 7.102936294666667e-05 0.29104196738022514
240048.70455317694 240048.70455317694 240048.70455317694
235707.80665987125 235707.80665987125 235707.80665987125
0.05755373525044834 0.00020081285566666665 0.12414319062181445
0.05555456903831557 0.0002269445533333333 0.4120869011213055
0.06525928078501948 5.117772356666667e-06 0.16670155963302635
0.05803391438027135 0.0024996054100333335 0.07713272171253838
0.05540941423562906 0.00034541575202666654 0.21191941896024424
0.06038591911484407 0.0014270668345336666 0.17394180428134476
0.06284180041829941 4.7207559933333326e-05 0.34181031600407774
0.051881764626433305 0.0006202380196666665 0.31545254841998016
0.057854433083298996 0.0014765758566666666 0.14725309887869464
305700.479952429 305700.479952429 305700.479952429
0.06845441253690539 1.0177475600000002e-05 0.07005426095820555
0.05612300031101906 0.0006514072319799999 0.353537808358817
0.05877238867287833 9.356705199999999e-05 0.00231998980632131
265927.6800883452 265927.6800883452 265927.6800883452
0.05436754504429201 0.0008163007769833333 0.33896995922528106
0.05262419612922268 0.0003980178172833333 0.21225871559633003
0.06577353036384044 3.194270523333333e-06 0.24526602446483237
0.35631352958811396 0.04978224687408332 0.39871163098878704
0.07788762377727712 2.6750311463333332e-06 0.3066044750254857
0.05406262170436541 0.0003077963909999999 0.3350435983690101
0.07289456530884952 0.00012201088619999999 0.2680038837920482
0.06961228657777865 6.263801466666666e-06 0.06372206931702351
0.061865656314260845 0.00024197367369999996 0.01426307849133579
0.056456633228513686 0.0006075268229399998 0.05193670744138679
280793.5397553525 280793.5397553525 280793.5397553525
0.06241929099590966 0.0003062923877333334 0.23347983690112173
0.06110954958282118 2.0446284546666666e-05 0.0552320693170234
0.06157514260737854 0.0006884091929999997 0.4622498980631997
0.07912542463512098 5.7691362e-07 0.19870282364933756
0.06348247027934187 0.0002262169309233333 0.44334265035678166
0.0667687928309392 9.25086447e-06 0.20869928644240598
0.06982842970889398 3.861506933333332e-06 0.2762125790010188
0.05350373510009354 0.0011888931245799999 0.3783987563710496
0.0662846057713006 0.0005556963268666666 0.07987427115188517
0.061019926883512245 6.837025333333334e-05 0.013381906218143946
264273.53890587843 264273.53890587843 264273.53890587843
0.056764393307090155 5.331213219333333e-05 0.17774725790010182
0.08054661129042154 6.116793466666666e-07 0.05267350662589365
0.05471855223687542 0.0007659247193466985 0.32635971457696167
0.053288339698118664 0.0006954911391266667 0.05011722731906243
0.06340128051630996 0.00043392140123333343 0.020273139653415928
0.054717024273430614 0.0012868234281 0.2591645259938842
0.05839060986535938 0.0001992285898983667 0.17407553516819485
0.05596160554748626 0.003639889745351333 0.3083592558613657
0.08184286295876311 1.6534450866666668e-06 0.20427532110091517
0.06813766407856839 0.00013121348366666667 0.1515628134556568
0.056037354939035236 0.0013373760642266667 0.10135082568807352
249782.57730207266 249782.57730207266 249782.57730207266
0.08709053879812743 7.646056756666666e-06 0.05562625891946871
0.054691773982493766 0.0008075699021999999 0.40404539245667914
0.05804720732029655 5.204329433333332e-05 0.24818730886850116
289396.72528032644 289396.72528032644 289396.72528032644
0.0945421617417708 7.562669199999999e-07 0.21410656472986744
229509.05963302782 229509.05963302782 229509.05963302782
0.06878734475179796 6.299671458999998e-05 0.08836656472986748
0.07294426435310593 0.0005260106087 0.2401115290519873
0.058613582793582676 0.00019244946500000004 0.0307809072375127
385377.83299354446 385377.83299354446 385377.83299354446
0.06201481587533667 0.0002615534328000001 0.011842752293576453
0.07040930459458153 6.197266237666667e-06 0.29937483180428126
303672.07781175675 303672.07781175675 303672.07781175675
0.06336544491002052 0.0017936878300683337 0.024249439347603374
0.08760291365835023 7.144219193333333e-06 0.0014146788990827552
0.05541261385796348 0.000699753692 0.16957646279306848
0.06196945799577265 0.0003404446543333334 0.020471386340468634
0.05714163602470637 0.0012673544640666667 0.3239003669724769
0.05763443743041429 0.0006455997103399999 0.0010176248725786152
0.0542432850628527 0.0007517812939000002 0.10956494393476168
343317.1551138292 343317.1551138292 343317.1551138292
0.05202144577792233 0.001046990872066666 0.27438056065239413
301886.1578321439 301886.1578321439 301886.1578321439
0.1039741677424865 5.3595216166666655e-06 0.3511508154943934
0.06803663546652516 2.7698922489999978e-05 0.304297655453619
0.059090217657830915 0.0008114786966666667 0.2242749337410812
0.06814284491845086 3.18310342e-06 0.07919930682976606
0.0646202396609566 1.1369349699999998e-05 0.32873576962283524
0.0646887217330669 0.0018437507711000002 0.10956955147808367
0.06041279206368414 0.00021547598333333335 0.3782831090723757
0.057341941260449815 0.0002878076666666667 0.22156877675840914
0.05535578148306863 0.0007156783857999999 0.4549144138634058
0.0521700253663158 0.0011908890966666663 0.11407604485219158
0.10422688913237155 8.840634226666665e-06 0.04976609582059188
0.07916293145572839 2.3296950720000002e-06 0.13335126401631037
0.05471659122147361 0.0017565222378000006 0.10272628950051121
0.05978631452826969 6.387050063333334e-05 0.09513409785932714
0.05330712341479593 0.001979967396506667 0.3523388073394491
0.059277361769081084 0.0003941265976666668 0.11139213047910346
291132.4201495076 291132.4201495076 291132.4201495076
0.053961959328245726 0.001192565781806666 0.2902461875637101
0.05915003547818627 0.00023541720764 0.3009196330275259
0.06310899579925562 6.523310540000002e-05 0.07649061162079507
0.08550944347364915 6.821093013333333e-06 0.006010336391437221
287239.0715256541 287239.0715256541 287239.0715256541
0.05322430822978885 0.0004781150813666667 0.12834666666666816
0.07567456072886913 6.967904986666667e-07 0.15306538226299704
0.06605636296092868 1.432171076666666e-06 0.25297678899082765
37886250754438.5 37886250754438.5 37886250754438.5
0.07977165783237483 0.0027874873566666666 0.010895086646279584
0.06579865802835468 9.512277113333333e-06 0.20144726809378133
0.05597307217202603 0.00012010462799999998 0.09480628950050951
0.07018584990972654 0.0015149961204443331 0.02006773700305775
0.09048412979020673 5.034606446666666e-07 0.10660423037716615
0.05613178856543476 0.000373870108 0.00843989806320078
0.06034484807410086 0.0003618339203333333 0.21344808358817513
0.06606645064715728 4.03349696e-05 0.13172986748215987
0.05254382536707132 0.0007607571836333331 0.13315561671763687
0.06097228956066532 6.27024397e-06 0.009352181447500385
0.06407613510299603 9.668316253333333e-05 0.11918953109072472
0.07326533236793231 3.015595248666667e-06 0.054600366972477055
0.07433142652107423 4.039901437666667e-05 0.13561492354740023
228394.21508664647 228394.21508664647 228394.21508664647
0.0546064638843704 0.0007604199689333333 0.09001836901121196
0.08834180264402654 5.9124658e-07 0.31755888888888917
0.08586852156011096 2.592413079999999e-07 0.4232992150866468
0.06535266807656351 0.0001832858920333333 0.06825554536187539
0.05641558912213569 0.000130788729 0.04866958205912342
0.06504820482557938 4.5213566823333335e-05 0.2508599999999994
0.06711024673288675 1.7579307213999998e-06 0.12006702344546527
0.07209521664648007 2.4906876646666665e-06 0.0646479714576973
0.0643143508763478 0.0017810302807333334 0.07971379204892992
0.05588064759457911 0.0007673756160733332 0.036431080530070936
0.053056930347468494 0.0018869555184666674 0.44142078491335424
238107.08036017703 238107.08036017703 238107.08036017703
0.05529478660278882 0.0017073469698066664 0.11593395514781024
0.054525669488961793 0.0016610052070700006 0.08967443425076471
0.05289752464465003 0.0010238505499 0.12203664627930788
0.053297183114504335 0.0009251468971333333 0.423818929663609
0.0543935124441095 0.0008978958920000001 0.14989040774719609
0.07537003152644717 1.0644744466666666e-06 0.050366574923548235
0.056836319355901756 0.0011806815874366664 0.1388387461773699
0.06329796238890757 4.362943769999998e-06 0.1433128440366982
0.05675887605410808 0.0029499732323856336 0.38540703363914197
0.05614314920195018 0.001346518281 0.048232558613658494
0.10239817397711576 1.0254774325999996e-05 0.2376365851172273
296784.3909276249 296784.3909276249 296784.3909276249
0.06383024265694151 5.563813733333333e-05 0.29203470948012233
0.07097064198317374 9.248506566666666e-05 0.3828652293577983
0.05641558912213569 0.000130788729 0.04866958205912342
0.06117963033264773 0.0001462359066666667 0.31174142711518904
0.07144661357237081 0.003978816699999999 0.10706738022425899
0.07825247203931125 2.4055748623333333e-06 0.3125461569826693
0.07229380871675573 2.4338388866666657e-05 0.3332089092762489
0.05268161927079862 0.0003257858223333333 0.44139652395514783
0.05942137284036434 0.0002924843649999999 0.3527771559633033
0.053204722116341446 0.0012530041704256665 0.2389906523955143
0.06222238335157219 6.508513443333334e-05 0.37147352701325165
0.06424391211312952 2.6546956679999996e-05 0.09574464831804219
0.060811532015413554 0.0006572240615933333 0.4270142303771669
0.05263332066700084 0.00071559676674 0.46741546381243637
0.05418723432523675 0.00035988181999999986 0.27797518858307724
0.05752877363677711 8.125402090000002e-05 0.06298534148827706
0.06269522932344725 0.0003822602389926667 0.27522695208970527
0.058573205261945566 0.0006842821719999999 0.39461453618756215
0.06801759164137063 8.819176980000001e-06 0.255388603465851
0.07526268870198738 5.507522500000001e-07 0.12668137614678843
0.06466756535551517 4.0288836133333314e-06 0.20485694189602333
0.08285914528924615 3.4962127999999995e-06 0.370445147808359
0.05834177893319007 0.00013144876499999997 0.03608008154943798
0.05795117238870269 0.00019653325293333328 0.04209410805300706
0.05841705085764444 0.0014607829193333335 0.11597748216106174
0.09059274567710551 1.8777897729999993e-07 0.0744862793068295
232407.66649677203 232407.66649677203 232407.66649677203
0.06118950558732217 6.798507843333331e-06 0.047829164118248
0.06314610043649667 0.0007883132441433336 0.030916177370032383
0.06382760265165532 0.00011410881926666666 0.07592887869520881
210358.97043832796 210358.97043832796 210358.97043832796
0.06207261276570293 0.002028971702866666 0.0812005402650362
0.07805722623891549 3.3079442933333335e-06 0.02266441386340423
0.05879003891028718 0.0008528129715666665 0.1963654128440373
0.0718442935733771 1.1004467533333336e-05 0.4542024464831802
0.061037512020486864 0.0003270996499500001 0.2922008970438319
0.0529782703410336 0.0014287601283 0.31201334352701426
