0.0751433516644664 6.558508533333332e-07 0.2546599796126383
0.08507110924358088 0.00023176319533999994 0.2425145565749247
0.0543929195226626 0.00030626937323999996 0.08550470948012379
0.06378401706064454 3.628079814333334e-05 0.10666778797145682
0.06025106458065595 0.0009373611479333332 0.353050305810398
0.053077563867340596 0.0011464219524066667 0.25172792048929704
0.05564701568654377 0.002345076334766666 0.45352524974515784
0.06992728179993409 5.806668266666667e-06 0.3037163098878697
0.057379479626237934 0.00011934109995333332 0.10421591233435379
0.05528444895354841 0.0010670997663 0.1671603873598353
0.07093761617122743 0.0016652805436666665 0.4286287971457705
0.05231830676323823 0.0017758572478623331 0.4586885015290516
0.09128297762840534 1.9762622933333332e-06 0.06543416921508616
0.05296569914085432 0.0012008498994000004 0.13264125382263048
355825.6753312945 355825.6753312945 355825.6753312945
237134.34420659207 237134.34420659207 237134.34420659207
0.05744356748963078 0.00151332905 0.04113153924566637
0.08799497063905037 3.7523943333333343e-07 0.25039267074413774
0.054990816653987556 0.00011400948866666665 0.013829439347604389
0.05971468089604307 0.00285714665 0.11195760448521819
0.0762923056375205 4.518412152333331e-06 0.01871524974515726
288611.53584777366 288611.53584777366 288611.53584777366
0.057674189216602306 0.001347032932 0.05943192660550434
0.05929751489023737 0.0021345416400000003 0.10687539245667699
0.08178464208174596 6.073378066666666e-07 0.18529701325178483
0.06477066631114359 0.0009322747674556667 0.43542088685015345
0.06714565186449813 7.07002297e-06 0.01385939857288454
0.07753953686317916 5.337437466666664e-07 0.3137314373088689
0.08940194002604585 1.0574648613333332e-06 0.037804994903159805
0.06279634379255801 3.6796705333333336e-05 0.1590376758409775
0.07598232424580775 1.211297514e-06 0.3325813353720699
0.3738191492125606 0.8393515228253522 0.30988177370030634
0.05244869596084434 0.0003654738849966666 0.19135217125382242
0.11205182107984123 4.173824853000001e-06 0.05669879714576931
154552169415.56235 154552169415.56235 154552169415.56235
0.07093337392744425 0.0008992756686433331 0.11372797145769553
0.0539843363191463 0.00025314930501 0.37527748216106094
0.09123944702620608 7.675300559999998e-07 0.13680371049948992
251129.79952429514 251129.79952429514 251129.79952429514
0.0709562299904273 3.9154721299999995e-06 0.06831476044852147
0.07116377880551022 1.1562136666666667e-05 0.3842332110091733
0.08269731492183877 1.2727526333333332e-06 0.40204367991845036
222629.18365613304 222629.18365613304 222629.18365613304
0.056037827957624645 0.0005730425525233332 0.05382310907237464
0.07357065111016155 1.2408294833333335e-06 0.24222086646279228
0.05642592865622035 0.0033027683233333334 0.45091870540265244
222784.31022765944 222784.31022765944 222784.31022765944
0.05742810481828919 7.505025833333332e-05 0.18793068297655413
0.08955560953873679 2.5019568033333333e-06 0.08922780835881827
0.08946284177468605 1.3057595133333331e-05 0.0007316717635066361
0.05289989342364239 0.0006344276333333332 0.39916729867482026
0.09829548945923497 8.047843946666669e-07 0.007520530071355669
0.09940236958117864 8.564271083333331e-07 0.0077143425076462435
0.05873809682906642 0.0013747152893333332 0.0982446177370031
0.05358769516143154 0.0008980940461866666 0.18384076452599274
0.06185999572304786 0.0011454948025266668 0.19697307849133638
206723.35626911308 206723.35626911308 206723.35626911308
0.052975477986635225 0.0018742517919333333 0.3814584199796123
0.05469282185902942 0.00105254958 0.16410726809378184
243197.13302752379 243197.13302752379 243197.13302752379
0.05976165635159958 0.00158333884371 0.12468629969418998
0.05628237308476754 0.0007593771524333336 0.07788657492354778
0.05875520708635972 0.0006096483724366666 0.0060851885830781605
0.0936713428266425 9.01868704596667e-05 0.020954566768605076
0.06097778714896063 0.0003508165563233333 0.31190898063200834
0.06239907668826938 0.00015297659376766666 0.04645133537206725
0.0851910027777701 0.0007352312866953334 0.06813644240570849
0.05666228758089197 0.0006430233608000001 0.16515371049949001
0.05157951149646603 0.0007055247365133333 0.4773554026503568
0.07518734401474547 1.5340468686666668e-06 0.3277672579001014
0.08966172595278488 3.335611656666668e-07 0.36665810397553544
0.11265709739725334 3.959127045999999e-06 0.05306314984709326
0.0999716996157698 3.127554643333333e-07 0.04383205912334276
0.059123516055729554 0.0031137473766666653 0.11762906218144753
0.05769646282192642 0.00027973243019999996 0.3213211722731897
0.055129866863439896 0.0017135130492099996 0.10919132517838959
0.07326054723375089 1.6409657570666665e-05 0.19059895005096905
0.05230448824560018 0.001735853383333333 0.4639062181447491
0.09097207290530851 1.4070667199999996e-06 0.3743047094801222
323117.71576622484 323117.71576622484 323117.71576622484
0.052974462770228395 0.0016061607778666664 0.4046017838939857
0.0925785485985037 1.4420369119999998e-05 0.19132087665647424
0.05929463515424571 0.0004013142977333333 0.3437045973496433
0.40597739590166315 0.5461929891062313 0.0468874108052999
0.08321869351650393 1.65559722e-06 0.002149235474004918
0.08392378480613599 5.942568833333334e-06 0.35259333333333265
0.05943344583292868 0.0036803961906666663 0.4387221406727826
0.05298180445326013 0.0013779798019999997 0.1990193679918435
0.058269966311957425 0.0006543510256533335 0.3248528644240576
0.10554768030449624 2.303468076666667e-06 0.15663580020387213
0.09730932757286836 1.201613674e-07 0.057705433231396874
0.10377509609737459 2.357168943033334e-07 0.03527411824668647
0.05501830136081072 0.0016066005311174665 0.37119639143730954
0.056695182819536186 0.0003169784426973332 0.10937153924566845
0.05343958652197689 0.0013612986333333334 0.03719534148827863
208868.34012912048 208868.34012912048 208868.34012912048
1.7976931348623157e+308 1.7976931348623157e+308 1.7976931348623157e+308
200816.7176350668 200816.7176350668 200816.7176350668
0.05442082286310157 0.0019325678844666664 0.36208608562691147
0.053215273927914176 0.00031821694793333325 0.4195644342507636
0.05962894987507612 0.000390749348012 0.06828140672782901
0.052240717810222215 0.001343752902126667 0.1609204791029537
0.08657262394580717 1.5324261513333325e-06 0.09462520897043936
0.0523075024279838 0.0009403837989999997 0.2630765341488277
0.05961835463416883 4.777877676333334e-05 0.1621660958205915
0.05465125847728261 0.0012077891956533333 0.11582702344546769
0.06927728339299295 1.5955313546000004e-05 0.011000234454638935
0.059247227572879924 0.00024381462647999992 0.025089663608561796
282097.4813115864 282097.4813115864 282097.4813115864
242726.63098878655 242726.63098878655 242726.63098878655
0.09854484397275165 5.868057546666665e-07 0.030647043832824572
0.37698323828938834 0.009839876319120335 0.2524231090723754
0.10943732738216858 3.3100862138333328e-06 0.016818348623852675
0.05191732468352568 0.0003174212228666666 0.4561620081549438
0.08547760256323639 0.0001409574681666667 0.25319045871559576
0.059509260853997686 0.0007263647071766665 0.1457214373088691
0.05769142956909948 0.0018089598351793343 2.3496432210112772e-05
0.0723716982032669 3.489297016666666e-05 0.1956737920489302
0.055878918945180225 0.0015365379533333332 0.06411582059123422
0.054748778988041015 0.0005480394107933333 0.16966588175331365
0.09781161427439036 1.1608478833333334e-06 0.020522140672781575
0.05490867906878431 0.00023498158666666668 0.1976435575942932
0.08123675621718476 9.43612881e-07 0.29921446483180514
0.05288889833331544 0.0006731193041000001 0.4609924362895015
0.05530410535900061 0.0010325892674000001 0.043817614678898664
0.060156458132669045 0.001885756770666667 0.3770903771661569
0.09597786182111674 3.998304243333334e-06 0.44943514780835914
0.06173498936709013 0.0003891576843666666 0.4200308868501539
0.05402759320362345 0.0002597340910000001 0.2995197655453623
0.08110444948509804 2.7886487266666664e-06 0.06057502548420013
0.05769427410319294 0.0002429413687666666 0.05022313965341496
0.10886067517590835 1.4558552266666665e-06 0.28025046890927685
0.06573577343580639 7.607630966666666e-06 0.34633303771661605
0.10803697024665887 2.7578527713333323e-07 0.03784832823649387
250929.30682976556 250929.30682976556 250929.30682976556
1.9357748456464417e+18 1.9357748456464417e+18 1.9357748456464417e+18
0.0650158390899849 0.0001676605258933333 0.34521055045871485
0.06573993702623071 1.4959197003333336e-06 0.21378699286442382
447019.8989126746 447019.8989126746 447019.8989126746
0.06719789436202568 1.0736761200000002e-05 0.10090678899082572
241007.02089704384 241007.02089704384 241007.02089704384
0.05182828899144265 0.0005877852233333337 0.39775349643221203
0.08457814669210789 7.891762133333333e-07 0.4427591845056069
0.052746029270866426 0.0006332920644666665 0.3869312640163107
239921.92490655894 239921.92490655894 239921.92490655894
0.05536387020428867 0.0003907443685848 0.2892971967380231
0.05954919643129785 0.002126336988716667 0.40471178389398554
0.08232341222488462 9.602906933333335e-07 0.045089235474006895
0.0537451321624827 0.0004961743099999999 0.29217275229357753
295399.5540265034 295399.5540265034 295399.5540265034
201413.2560312607 201413.2560312607 201413.2560312607
0.06521604870883427 1.1347553966666665e-05 0.09057273190621729
0.05553482678137352 0.00014358701 0.08391881753312846
0.06485818909741432 5.437297368333333e-05 0.03188557594291552
0.06895556668378847 5.206146603333333e-06 0.2980988888888896
0.06679147662956782 2.5956668e-06 0.08227596330275233
0.05763897130830049 0.0014188107195916664 0.033132945973497474
289975.6710839281 289975.6710839281 289975.6710839281
0.060827464927353025 0.00012989199608333334 0.26761164118246583
0.10398303298912198 4.3525286666666665e-07 0.04745833843017211
0.05761107876298417 1.6177110560000002e-05 0.11530156982670903
0.3808268313974374 0.4335412494912799 0.2713363608562691
0.11826552461324909 8.022809910000003e-07 0.43982633027522944
0.053437518624893654 0.00116185423222 0.16351850152905234
0.09442634020838765 7.0259197e-05 0.16643406727828802
0.09871582597117845 3.0682649599999986e-06 0.004719765545362353
0.056679114480201534 0.00019162872633333332 0.27228301732925564
0.05802081275323571 0.00039948437796666667 0.2352083384301742
413675.87071015954 413675.87071015954 413675.87071015954
0.0896004770087381 9.072523833333334e-07 0.059003098878694704
0.056830194843304385 0.00011348475866666665 0.05542513761468015
0.09944576019722498 2.661901064666666e-07 0.0020031498470949316
226170.40859667116 226170.40859667116 226170.40859667116
0.06045644131226502 0.0021315806428333327 0.13102324159021395
0.06845700239711386 5.129743953333333e-06 0.30474200815494434
0.07725151936519792 3.0224273766666667e-07 0.25104160040774737
0.05580076375034415 0.002130442306666666 0.192756156982671
0.37419868081759927 0.0210637953307132 0.4448540978593276
0.062138685680278284 0.00027684299466666665 0.4408698776758415
0.05746123002904875 0.0008223575640000001 0.09666991845056128
222792.15936119566 222792.15936119566 222792.15936119566
0.08615724077322569 3.045774373333333e-06 0.04208317023445263
216583.2908596669 216583.2908596669 216583.2908596669
1.7976931348623157e+308 1.7976931348623157e+308 1.7976931348623157e+308
0.07187048195681406 6.996606603333333e-05 0.3715150764525994
0.06910468216182049 0.0010377828153666662 0.3229287461773698
0.051273660603899776 0.0007616502837999999 0.38496655453618756
0.05159374016107946 0.001000079286 0.3387210601427122
0.06011237582511234 0.00048269844833333345 0.21657640163098923
0.05470082597630868 9.884244629999998e-05 0.003572242609580556
0.07997717838712307 2.3402796333333333e-06 0.3366596024464834
328979.022256201 328979.022256201 328979.022256201
0.09350056568463219 6.667472333333333e-07 0.34676994903159963
0.06770030418074202 1.141505181333333e-05 0.0688711518858307
0.08738561816618434 2.6644974900000005e-07 0.34637553516819697
0.0587151603148689 0.0019881444214000002 0.004076309887868668
0.09953951647219245 1.9765172936666666e-06 0.12626630988786935
0.054710462167745624 0.0018335455567333328 0.1929914882772681
0.060108915116850015 0.001071018913443333 0.04803496432211851
0.07414168586385139 1.5609843833333333e-06 0.30078904179408594
0.07288152207619306 0.00011784786121333337 0.3088952803261984
0.05292159985645706 0.0003467594703333333 0.42118344546381214
0.05136239605348869 0.0008955982121966665 0.2518715800203859
0.06802149859892848 0.0002044453577166666 0.16920333333333293
0.0586254321174057 0.002041714728 0.09336490316004031
0.113215461858876 3.6613909833333335e-06 0.3630342711518857
0.06984475574737728 0.0006709982412346668 0.4772702752293574
0.08062401599136677 2.0070519733333332e-07 0.29755044852191626
307507478.5083248 307507478.5083248 307507478.5083248
10981874.758282365 10981874.758282365 10981874.758282365
0.06355966113776486 4.134694515666667e-06 0.07064221202854304
0.05178713655706886 0.0012925132889999998 0.41515175331294607
0.05405648679639008 0.0028849890952466666 0.3659030581039753
0.071479118565145 0.00013680800631633334 0.43008456676860396
0.09722799664555566 1.240045093333333e-06 0.12091050968399575
0.08204920896783048 5.921545633333331e-07 0.4053285830784905
0.05644790098831043 0.0004200332389966667 0.15365096839959236
205613.0776418622 205613.0776418622 205613.0776418622
0.07463590061322081 7.444269680333333e-05 0.12664325178389424
0.07276779310641197 0.0006652423518606665 0.4087155759429153
0.08067648502146892 1.208365471e-06 0.10984279306829725
0.10381270714014322 2.3509528466666662e-07 0.035361355759428115
235724.46058443774 235724.46058443774 235724.46058443774
0.055529713065257405 0.0012637320539333331 0.3741702956167168
0.39166820306319156 0.26248667803118 0.16033250764525953
0.061071427246973564 0.00011083414311000002 0.10613043832823754
0.06829852638733964 2.3657755706666665e-05 0.11820169215086684
243463.50662589233 243463.50662589233 243463.50662589233
0.0754734296430048 4.4226771666666647e-07 0.1706706829765552
203525.62436289524 203525.62436289524 203525.62436289524
0.065662868980392 0.00024418862603000003 0.42609721712538207
0.051616182543858205 0.0009469833629999997 0.4432918144750264
0.05920063938957786 0.0007568793713333333 0.21388462793068452
0.06191792273697997 0.00040250040736000003 0.20675650356778608
0.07265914172231971 5.254607233333332e-07 0.2063160856269115
0.08349933492854991 5.227538126666667e-07 0.12686930682976483
0.08328669553117603 1.1179456033333332e-06 0.3644596126401627
0.054448866103480535 0.0014316003322 0.0351992762487261
0.05711593675503223 0.0018886088033333332 0.03380609582058991
253837.82279986434 253837.82279986434 253837.82279986434
0.08760291365835023 7.144219193333333e-06 0.0014146788990827552
0.07143766223104282 0.0005092761029699998 0.45002181447502476
0.07181613442966613 1.75605586e-06 0.18629314984709344
0.13210083378270415 5.513518e-07 0.4451604281345567
0.09095526506177565 1.1458603700000004e-06 0.11808428134556603
0.057840929828837886 0.0024032587749999996 0.33910486238532034
217968.7521236835 217968.7521236835 217968.7521236835
0.06308516063964512 0.0004518702001999998 0.24434348623853186
0.05709427212128999 0.0001119677473333333 0.08268961264016195
0.07528029941712058 9.50593195e-06 0.1645462283384287
0.06197148927745173 6.471080466666666e-06 0.17447571865443523
0.3713975497348204 0.666730703077756 0.19470857288481147
210131.0185185187 210131.0185185187 210131.0185185187
0.06219848610744708 0.0002740393559999999 0.11743823649337415
0.05720010706911016 0.0010674705454433336 0.14099278287461958
0.05455566349825491 0.002157674816733334 0.1169451681957181
0.05470290773768897 0.0008244313425333333 0.36077018348623824
0.06748949217942538 0.00026998921576666657 0.2591852395514773
245947.78287461773 245947.78287461773 245947.78287461773
0.11068141574787317 5.122083926666667e-06 0.39263568807339455
0.06463461630826028 0.0010145819029266665 0.29060706422018256
0.07149958942974018 0.00020725488643333334 0.2427939449541272
0.0585122773998078 0.00063069902464 0.15278226299694087
0.06074119663276696 0.00012523778727 0.24132017329255806
0.05648100555499047 0.0007065525372766666 0.4027160448521898
0.08341995732386301 2.5414488599999996e-07 0.35531171253822524
0.0776247561409612 5.5016937149999995e-06 0.09571801223241483
0.052418368723290046 0.0014834361216733332 0.13574683995922587
230514.53448861736 230514.53448861736 230514.53448861736
0.05399155069847683 0.0005897550883666666 0.31265827726809325
362355.5130818887 362355.5130818887 362355.5130818887
266060.614169215 266060.614169215 266060.614169215
0.08929236874465037 3.4544974766666665e-07 0.47195357798165083
230906.67686034637 230906.67686034637 230906.67686034637
0.05312924506260034 0.0009255726133333328 0.3269756472986747
203588.98657832158 203588.98657832158 203588.98657832158
0.08179695692420808 3.5162093333333322e-06 0.42898572884811514
0.06401050218628382 1.6808658776666663e-05 0.3067536187563711
0.05461676677783445 0.000791542486343333 0.0031473088685012307
0.06786687071673747 0.0002737758130033333 0.284091865443425
0.08756719810608891 1.7608992056e-05 0.27510465851172183
0.06801276029879622 9.93655315e-07 0.07630904179408748
0.08817705215132934 9.696820199999998e-07 0.21755683995922626
0.06012853207937218 0.00048637189249899987 0.44003817533129563
0.05127546178449238 0.001130713268293333 0.15093087665647298
0.06555051138177166 9.359333633333333e-05 0.4199595922528032
0.09364582126796628 2.9469581133333328e-05 0.011227696228338857
0.08699587655950392 1.947659986666666e-06 0.059913098878696225
0.07509765516008673 1.0956720499999996e-06 0.3226339755351688
0.052013239082502584 0.0011485462672533328 0.41060467889908114
0.06114706865751007 0.0007817282754666666 0.3019855963302742
0.11865496299211667 2.8122230000000006e-07 0.291414179408767
204705.02888209376 204705.02888209376 204705.02888209376
211167.09140332902 211167.09140332902 211167.09140332902
0.05356593365967143 0.0006221227383333332 0.3365621610601415
0.06587506099049885 0.00021048368675133332 0.2766868399592255
215177.4337410801 215177.4337410801 215177.4337410801
207342.93662928982 207342.93662928982 207342.93662928982
0.0649493090994679 0.004166302716133333 0.21061460754332373
0.08437886760554886 1.3626795333333336e-06 0.21238434250764504
0.1255477258157391 4.392665333333333e-07 0.44018673802242536
0.09850465080993594 3.702964433333332e-07 0.022758195718655116
0.07804451836017579 5.700676516666666e-06 0.1320238022426099
0.36996993478635387 0.030595442392933332 0.11677221202854193
0.0667608745311606 0.00013095185563233332 0.04599074413863313
0.05232095614901089 8.536130999999999e-05 0.30012945973496663
0.05278766841723355 0.0007602758704 0.37017286442405783
0.05878757125048583 0.0017714618612000004 0.0013753414882771153
0.08387376532492326 4.919972266666664e-07 0.28180001019367884
0.09315972112921021 9.102959653333332e-07 0.02205085626911174
0.06556026137789076 2.3847228103333335e-05 0.1722944240570845
0.052679343299023865 0.0004892269761666666 0.38518051987767477
277234.1615698273 277234.1615698273 277234.1615698273
0.08687397284313436 5.301136127666665e-06 0.21594458715596287
0.05463495975820535 0.000657534817 0.27095181447502537
0.05449837970259818 0.0024296411685 0.20356145769622902
0.0910395235166456 5.500971409999999e-07 0.12356288481141631
0.06678089552754825 7.125375109666665e-05 0.04693051987767527
0.06640149317877644 0.0005119250599999999 0.04016828746177392
0.07671372806331685 3.578161433333334e-06 0.0696647094801226
0.05814208600822142 0.0010323575292199999 0.0004777268093794085
0.10146459651113465 8.664479216666666e-07 0.00819259938837913
0.05237710088567289 0.0008854403756673333 0.05375912334352506
0.06777553143508822 1.6259266888666662e-05 0.18564869520897176
0.09174822390629095 9.457888076666667e-07 0.12047326197757302
0.059791963489728664 0.0015353488103333332 0.01882746177369965
0.05420778271177243 0.00044018499109999996 0.11798361875637209
0.06094841255054761 0.00030432860933333317 0.35026357798165186
0.057450655211700334 0.0008636732442793334 0.07057539245667677
0.11493782000647751 3.5417408866666655e-06 0.3610589704383296
0.07440889134046087 0.00023477358867666657 0.3084374311926612
0.05412389624336215 0.00116292443434 0.16491916411824725
29347033212.11349 29347033212.11349 29347033212.11349
0.05638890303675225 0.0005658362322 0.40756870540264956
0.05291567881705883 0.0003227648246666667 0.3202944138634045
0.10427163417970652 2.405158076766667e-07 0.007497624872580655
0.05994895128571516 0.00019926718299999993 0.115599062181448
0.055950979832947945 0.0003203032423333333 0.09580224260958303
245670.0518178727 245670.0518178727 245670.0518178727
0.05590871570456131 0.0008534098733333335 0.13764598369011294
0.09051142234515125 6.971503756666668e-07 0.003525096839959385
0.06293397942994312 0.0016562971608900003 0.050655637104995765
0.05315734240284027 0.0013525396366666665 0.03687467889908458
0.05206438168814075 0.0007379696948933334 0.4769764016309894
0.06995206677221177 8.686189233333335e-06 0.3058268093781855
0.07053785652648337 4.6008259999999995e-06 0.3223449745157998
215352.6121304792 215352.6121304792 215352.6121304792
0.058964260668336405 0.0002957087593333332 0.16479026503567695
0.08190209963176287 5.950487223333333e-07 0.2606712945973486
0.06534873095622709 1.4980162065666672e-05 0.38796647298674847
0.05557757656172394 0.0012437467450333334 0.04891899082568818
0.06234315921917728 0.0008307944528933334 0.011459102956168365
0.07794320841856528 1.661930461499999e-05 0.3021018144750247
0.056371501646139355 0.0004930364366666666 0.0006805708460757565
0.053182764617850944 0.00024376700960000006 0.35942153924566833
293930.48335032247 293930.48335032247 293930.48335032247
0.06113726832987294 4.5120016322819996e-05 0.05042800203873554
0.07115780682770918 0.00024580805927666656 0.41223853211009187
0.0708562590497526 0.00015071460674 0.2799254026503566
0.08360528367228326 1.9844861774e-05 0.0977924872579008
0.07187131306440518 1.4875699876666662e-05 0.18536823649337464
0.06307884965470556 0.00038747434255999996 0.0587995922528024
221396.21559633038 221396.21559633038 221396.21559633038
0.07672907380901013 7.098130099999999e-06 0.07431963302752331
0.05166265221830682 0.0003940282475666667 0.3542135066258907
0.0676499525053 0.0014638759694 0.03838076452599415
0.057000280797703584 0.0001291853437333333 0.039067787971458046
0.05606753740687101 0.00021129752913333336 0.253837013251784
0.12222989991308336 1.8974113916666661e-06 0.2841776656472983
0.053604958106453826 0.0006558714650333333 0.44004181447502644
0.0549346979597648 0.002001719839333333 0.11059656472986745
0.058630090086589925 0.0001992464965033333 0.16516364933741023
0.060096324969825865 1.3682996666666665e-05 0.21625678899082557
0.08381462654273959 5.783105599999999e-07 0.2644939551478078
0.06322234131928901 0.000395108090757 0.28499887869520846
0.058759797734912834 0.0018892819616000002 0.10946717635066205
0.052351034988418935 0.0008381880811333334 0.27060950050968335
0.05670598796952652 0.00037980492352666657 0.18445878695208862
0.06304895436803015 0.00018878555133333341 0.4650974923547393
0.057175012358739785 0.0010183668299999999 0.1609036493374112
0.0612909954056587 0.0012660060256599996 0.05434833843017328
0.06492639660140556 0.00022978963833333337 0.439214230377166
0.06009286556252687 4.876291266666667e-05 0.023939429153924774
0.052877367684401246 0.0007945550000000002 0.3750359531090717
206753.07084607496 206753.07084607496 206753.07084607496
0.05818722259204885 0.00021090983472666665 0.15424030581039805
237252.2383622153 237252.2383622153 237252.2383622153
0.09209127844322314 7.297973513333334e-07 0.015568909276249876
0.05445605176505763 0.0005607328685000001 0.3433644240570839
0.05245207736468423 0.000575794806 0.4494268093781848
0.06234389851862421 0.00033273236591999995 0.15470806320081731
0.06725331823380283 9.690298515e-05 0.07938321100917456
0.05192013060764247 0.0007557508130333334 0.36683545361875547
0.0647157536963443 9.8805997e-05 0.1240480428134556
0.10607648835908551 1.2819439926666667e-06 0.05802764525993798
0.051984231139033756 0.0003702682375 0.46499878695208974
0.07555543757019174 1.3141186933333333e-06 0.006566564729867608
373926.7881413526 373926.7881413526 373926.7881413526
0.05837077523043628 0.0019482026776666667 0.38998190621814466
0.05336733604002131 0.0015448525366666668 0.06811212028542402
0.05521660107625536 0.0015742325439666663 0.418284954128441
0.051454528305409634 0.0007145171839999998 0.4623015290519876
283072.78287461767 283072.78287461767 283072.78287461767
0.08457814669210789 7.891762133333333e-07 0.4427591845056069
0.052194811945284705 0.0011114760966666668 0.173639877675841
0.07171990671024804 0.00013600102561 0.3607092762487256
0.05447201071751261 0.0002919353636666666 0.15728586136595313
0.05437462591185952 0.0014991949729999993 0.14423493374108087
0.05924104070330941 4.667898700000001e-05 0.206603414882772
0.05704906014183078 7.970601966666665e-05 0.1935717227319067
0.08467494454290465 6.831557726666665e-07 0.1884110499490319
0.05567341535429471 0.002317767386666666 0.051964057084606274
0.06272512613654169 1.22229337e-05 0.07890232415902121
0.07573596054129601 6.197825416666666e-06 0.28677725790010156
208527.93068297592 208527.93068297592 208527.93068297592
0.10866914786240829 4.721962593333334e-07 0.16507889908256868
0.10613429431536277 2.728296150000001e-07 0.2403090417940863
0.05407223269106779 0.00036341520000000003 0.24006262996942063
0.05788446441261711 9.785185820333334e-05 0.0231464729867481
292920.4808019026 292920.4808019026 292920.4808019026
0.057728504174667385 0.0012669892133333335 0.09504381243628934
0.05138270615182894 0.0007374998618666668 0.3948824362895018
0.07295647584616818 3.3587197266666665e-06 0.19088222222222173
0.06293038814863575 0.0007661725937899999 0.2820918960244656
210701.3464152223 210701.3464152223 210701.3464152223
0.08623777304232774 1.0622011706666666e-06 0.17656474006116207
0.05917435463061367 5.264309699999999e-05 0.015393812436289789
207625.72629969468 207625.72629969468 207625.72629969468
0.06018626574658033 0.0008883776923333331 0.3357607339449524
0.08546428909476081 3.358182690000001e-07 0.1545566870540256
248782.12708120962 248782.12708120962 248782.12708120962
0.05993199157926469 0.0003208096609866666 0.06256728848114212
0.09920313978623499 1.8749196166666664e-06 0.11030442405708474
0.08805876503942128 6.788424433333332e-07 0.4633324872579001
0.09179694329357269 7.798577707333333e-07 0.008170897043833225
312369.4486918116 312369.4486918116 312369.4486918116
0.09114429587877992 4.9114171066666676e-06 0.029344658511724298
0.07341092536989169 3.897237773333334e-06 0.14870793068297683
259249.9575263334 259249.9575263334 259249.9575263334
208044.25756031286 208044.25756031286 208044.25756031286
0.05969029145314723 0.0016955681176666667 0.12010240570846165
0.05815267018549919 0.0007353814393766666 0.01849773700305901
332523.1608902478 332523.1608902478 332523.1608902478
0.055665419946380516 0.0004556729187499998 0.0932205402650359
217468.93051308126 217468.93051308126 217468.93051308126
0.06015962837892175 1.7266714333333337e-05 0.055247573904180225
0.059882791467103916 0.002350482969318 0.14480379204892957
0.07745123288398255 9.34468824e-05 0.3278744240570859
0.06057646343334558 0.0012109235469000001 0.007537094801223443
0.0908776223821915 1.2303032233333336e-06 0.08842482161060117
0.08417859186909177 2.0500106109999995e-05 0.04253190621814573
0.05194256617960428 0.0007269679607 0.04712885830784952
0.053133503654400276 0.0012149974393006664 0.10114425076452749
0.062480578089099494 0.002852943183566667 0.0741666360856259
268286.0941216445 268286.0941216445 268286.0941216445
0.10107500733670352 2.5555974346333334e-07 0.01602710499490323
206758.48623853165 206758.48623853165 206758.48623853165
284775.1826367655 284775.1826367655 284775.1826367655
0.05725158411316211 0.0023205548183333332 0.44068432212028563
0.05884502577844142 0.0005578599891133333 0.09904757390418029
0.09339584866119 4.2155152423333334e-06 0.1842807441386345
0.053915272017079574 0.0009590464643723001 0.23693124362894968
0.057402418829397596 0.0005849826022200002 0.016139051987768216
200265.66004077462 200265.66004077462 200265.66004077462
0.09744563279606633 1.1414084000000002e-06 0.00019035677879619683
0.08065653946709635 2.722062276666666e-06 0.47385936799184614
0.0585396217745561 0.0009771972659000001 0.010120937818554054
0.06760228053392314 0.0007819699199999999 0.2361350662589201
0.06769754433589914 0.00012448956033333331 0.07752329255861268
0.05373029968548289 0.00042726706283333337 0.2737820998980647
0.06338894203184693 3.275877236666667e-06 0.20073170234454762
0.0537889244142576 0.0006560310479733333 0.0664654128440354
0.07978897473747959 2.051145408533333e-06 0.4040417023445475
0.057959567104014835 0.001921029404779999 0.44518653414882836
0.06235886493123958 0.0005756647944666668 0.02531652395514783
0.0646296564719595 0.0006330793273333333 0.04472589194699328
0.07661034808020031 3.727670570666666e-06 0.05290042813455642
0.06317769212463682 0.00012311519346000006 0.25584790010193625
0.0594036131213617 0.0007346015568666668 0.21629791029561707
0.07494633971346405 1.8859674399999994e-06 0.1282767482161069
219273.8107373431 219273.8107373431 219273.8107373431
0.05671577590047072 0.002997112508066667 0.36456314984709515
0.11985094486976133 3.07514601e-07 0.4775544954128448
0.05249792462026825 0.0017133936807633332 0.40290598369011166
0.3827730001083842 0.03367380939794333 0.30765444444444556
0.07955527628410149 9.561757031800002e-05 0.30092444444444455
0.059180205805799815 5.5562901286666645e-05 0.14184420998980718
0.05436356293141109 0.0009140057005700002 0.0007953109072378339
208842.1721032958 208842.1721032958 208842.1721032958
0.052368012922484344 0.0004248177354333333 0.28753399592252915
0.05790509319861914 0.0025913141254799996 0.31883868501529067
0.05499602459689793 0.00017833885440000002 0.4347491946992865
0.05469081057564103 0.0007011701443666668 0.37948175331294687
0.05745744231291098 0.0004884834393266668 0.21232844036697207
0.07123800860905401 6.919005503333333e-06 0.39069961264016495
0.05450898535564348 0.0015807006533333327 0.1522465851172261
219620.10278627276 219620.10278627276 219620.10278627276
0.05653294389227255 0.0011352617037666667 0.13936745158002184
0.06356338803934314 1.3396257553333334e-05 0.1921893985728853
0.057030878126313356 0.002137145849733333 0.1805333027522935
210085.75857968093 210085.75857968093 210085.75857968093
256969.45293917815 256969.45293917815 256969.45293917815
0.06804402974905968 3.180785796666668e-05 0.11466276248725826
0.0607794510151491 0.00023744395113333336 0.3168508664627936
0.0638414777564629 0.0009274024706666667 0.22134366972476993
0.07758282481650239 4.491866166666667e-05 0.07401685015290482
0.05400226924311127 0.0006996700176666664 0.30888819571865467
0.05146338823599187 0.000691177727533333 0.21580968399592537
0.05904969086130777 0.0012349033616366664 0.06181516819571886
0.20644679890149056 1.2502717358473333e-05 0.19586327217125366
328689.4283044508 328689.4283044508 328689.4283044508
223119.3212708117 223119.3212708117 223119.3212708117
0.08199658843084395 5.62348578e-06 0.41509282364933786
0.05637584058328782 0.002331261138666666 0.2710011416921496
0.055644477851378896 0.0004972084124700001 0.04070199796126106
0.0513036360681602 0.0009677590476666665 0.36485637104994906
0.05348192643650776 0.0013832093451433332 0.13878392456676725
0.07382679797136116 7.718251566666668e-07 0.20692827726809426
281920.37037037057 281920.37037037057 281920.37037037057
266347.948521916 266347.948521916 266347.948521916
0.058219587814607746 0.0011771764810000005 0.02958276248725822
0.07062862477444279 0.00034331895470233337 0.2454197961264022
0.06077179195836138 0.00011514629823666666 0.4265543527013249
0.05391708009528661 0.0013377447821079995 0.34229378185525094
0.054230925724214944 0.0013051822456333333 0.11185611620795166
0.06006623103698986 0.0008409317820539998 0.22894316004077497
211688.0394155627 211688.0394155627 211688.0394155627
0.12780717529951394 1.5336189140000002e-06 0.39878051987767504
204534.9091063542 204534.9091063542 204534.9091063542
1.7976931348623157e+308 1.7976931348623157e+308 1.7976931348623157e+308
0.0579209779231797 0.0009260617773333331 0.19563318042813593
0.07341718589674173 6.735670188333333e-06 0.040844444444446015
3661834286.017669 3661834286.017669 3661834286.017669
210771.0711858637 210771.0711858637 210771.0711858637
0.05322764094998578 0.0009567080464000003 0.42975111111111053
0.07770655488835054 7.983897346666669e-06 0.03401114169215047
0.05514134663508874 0.0011906248393666662 0.4327527930682975
0.07664288067077314 3.2956678966666662e-06 0.31891955147808204
362167.42694529437 362167.42694529437 362167.42694529437
0.0682362528514373 3.6955743599999996e-05 0.28426082568807365
0.08306143627649015 3.1064873110666665e-05 0.042007533129460484
0.05862268692716957 0.0004110186943333333 0.03803142711519003
0.0605096474310202 0.0020118473853966666 0.0810146075433229
0.06624405788004509 0.0004780537086666667 0.053756748216106764
0.06628169051200346 2.45215369065e-05 0.2929189704383264
0.07803912049275037 4.934272553333334e-06 0.08607863404689065
0.06149365054270664 3.630670889999998e-05 0.2465934352701331
0.0673732136446727 0.00040099124201043335 0.3893468603465857
0.0915594999070537 9.424734176333333e-05 0.06430116207951109
0.08711571262772791 1.4034439236666666e-07 0.011385270132517444
0.12834712726778208 4.304935973333333e-06 0.38240219164118194
0.05905439932031712 0.0003752622550666667 0.21666005096840024
0.051963850963317154 0.0007463364125666667 0.008767410805302855
0.05261111937439951 0.001868938300733333 0.4305061060142723
0.11546109412673355 6.564049156666668e-07 0.3168224159021409
0.09101677218004632 5.182452666666666e-06 0.15198256880734062
0.08429025094106962 1.0687366416666665e-06 0.39101989806320203
0.09171164878367598 6.916777314333334e-07 0.009871936799184411
0.1012727299366383 1.3202329833333335e-06 0.32461731906218105
0.055511579139103345 0.00028051405833333327 0.05703056065239531
0.06953006895888436 0.00010997310010000004 0.018552650356779665
0.0640642790609935 0.0010448468293200001 0.20592747196738115
0.08747157152881219 4.50808793e-06 0.009320998980632655
0.053028270575770114 0.0014559985179633333 0.34596178389398613
0.05542820128161041 0.0003875782924 0.3673659633027522
226164.46653075118 226164.46653075118 226164.46653075118
0.06535399701417799 1.7145283163333326e-05 0.25370630988786935
0.05315734240284027 0.0013525396366666665 0.03687467889908458
0.0625781422281623 0.0007475668792666667 0.15903754332313902
0.051707118091450524 0.00140080011 0.16153064220183388
0.05648874940263574 0.0021629860012153334 0.12062202854230497
0.07140402760923373 1.0296860266666668e-05 0.15458648318042645
0.07368936877756345 1.06116712e-05 0.305418950050969
0.05958326447225781 3.982830053333333e-05 0.30582376146788937
203091.1739721375 203091.1739721375 203091.1739721375
0.367979411738226 0.22927942880866675 0.4663926605504596
0.06791912797932223 0.00027277886984733326 0.11005364933741113
0.09879160235480614 4.475829083333333e-06 0.11007818552497284
0.053055274417841004 0.0001574246650666667 0.36481712538226274
0.05317467626169103 0.0007843908137933332 0.19433174311926704
0.07406118045614703 0.00021222450686666665 0.2898489092762486
0.10283045006392688 1.240856e-05 0.23517271151885932
0.11371266828560195 8.508890993333332e-07 0.18008485219164205
0.057834089361278165 0.0007087484921333335 0.21114241590214045
0.08936065336579893 6.286495916666665e-06 0.413280835881753
0.07165390465574709 0.0009726279652986666 0.07735554536187594
0.3673957080687473 0.26832831079200004 0.451240846075434
0.08378984467029456 2.57729005e-07 0.39552304791029513
0.05695205942032307 0.00022353424866666655 0.29882630988786874
0.06995070387950333 7.846701337666666e-06 0.005208929663608863
0.06041459661961675 0.0018086785321666662 0.005952772680938967
0.06531034534615017 5.684940266666667e-06 0.10503688073394413
257512.42779476714 257512.42779476714 257512.42779476714
0.08167805725498836 2.2626648363333325e-05 0.1785163302752304
0.07123472341668775 3.678733306666666e-06 0.15876251783893958
0.09466520993562344 1.1621003366666666e-06 0.052982884811415776
0.05971507178612552 0.00021655018236666667 0.2826315086646285
0.09344458597049875 4.792578313333333e-07 0.042983730886851035
211679.31957186537 211679.31957186537 211679.31957186537
0.09158924400714599 3.008771023333334e-06 0.2933845667686028
267955.35592932394 267955.35592932394 267955.35592932394
0.06891393349784632 6.145975300000001e-06 0.0625125688073398
1.7976931348623157e+308 1.7976931348623157e+308 1.7976931348623157e+308
0.10470838064291682 4.244706356666666e-07 0.21920175331294578
0.06385538648023655 8.090966063333331e-05 0.047856676860347225
0.05955943867931142 8.216260866666666e-05 0.3291041488277271
218106.05674481788 218106.05674481788 218106.05674481788
0.055656424726716947 0.0006937875557511499 0.13881911314984574
0.06386684019174811 0.0002601252105066667 0.4358339245667673
0.07168493912282788 7.726103356666667e-06 0.1643717838939871
229738.9950730542 229738.9950730542 229738.9950730542
0.08054895234766123 5.002251671666667e-05 0.20663794087665632
0.11520942386689154 6.82525138e-07 0.154589490316003
0.09839015740086948 3.91439514e-07 0.007415749235474056
0.07422480256893149 2.1812567613333333e-05 0.2196751885830781
0.05614901111113801 0.00048540698440000007 0.4511743323139652
243007.55606523983 243007.55606523983 243007.55606523983
0.06881432252655761 4.8379998e-06 0.04414544342507698
0.09608666192981362 9.28423771e-07 0.07916932721712433
0.05249171931686805 0.0003433782253333333 0.4503019062181455
208822.09904858962 208822.09904858962 208822.09904858962
0.05871767985111042 0.0013624950995166666 0.26794911314984704
0.08245604790507409 1.4256703858999998e-05 0.2352971151885832
0.05544725787437828 0.0004920926181000001 0.3130970234454642
0.05901437034224673 0.0006598343053333333 0.28692826707441244
0.06335149453558397 0.0006254595693333331 0.24176984709480331
0.054470231326717425 0.0018515160173333328 0.24384327217125312
0.07096509727747047 0.00012877556433333332 0.38254772680937865
0.09071500242491266 4.441084475666667e-07 0.10076560652395505
0.06781816645155947 0.00025289225759999993 0.029485942915392638
0.05597029951248844 0.0002249257349333335 0.1975763506625885
0.06987865902098792 0.00015931746886666668 0.07007887869520868
0.06033387774596957 0.001977211502882 0.011717951070336685
0.08110639037066128 7.7198928e-06 0.09792699286442508
0.10301264866308256 1.5279689576666661e-06 0.033194322120285946
0.0646296564719595 0.0006330793273333333 0.04472589194699328
0.0891361202547695 1.1785816963333334e-06 0.023074301732924685
0.052567358898446215 0.001370729758987333 0.20331804281345578
0.068132312937109 1.7489929700000004e-06 0.1241855759429149
0.05855695885788037 8.891643947e-05 0.02036373088684984
0.05502215894807079 0.000177642773 0.26828442405708586
0.11980079519257221 1.2599729566666665e-06 0.33760047910295565
0.08126133949220127 1.2259994853333336e-06 0.3036079102956166
0.05265026857152566 0.0005566827656666668 0.41691405708460794
0.05906042468903305 0.0006053245726666667 0.01957164118246668
0.09496990960452563 7.126259253333334e-07 0.2804789704383288
0.058835769218906646 6.0371640666666665e-05 0.17043759429154015
0.07494281465276616 1.2253916256666666e-06 0.004944852191642202
0.05881879405364139 0.0010801338673666673 0.061480132517838904
0.05395639768492551 0.0009941623891 0.14688377166156963
233460.18093781872 233460.18093781872 233460.18093781872
0.0669156595812815 0.0002911513696433333 0.14223617737003114
0.06330488837249659 0.0001945525373333334 0.07027019367991771
232981.80428134563 232981.80428134563 232981.80428134563
0.06316895065808661 2.2480678199999994e-06 0.19613058103975511
0.051895935135126275 0.00036650627609999996 0.46607955147808333
0.059855016541254316 0.0006436659233333334 0.29452642201834855
224386.7142371727 224386.7142371727 224386.7142371727
0.06445998271433573 0.0008095258055800001 0.025150285423038987
0.06751127748212515 1.3517374879999997e-05 0.07600139653414972
220346.0329595648 220346.0329595648 220346.0329595648
0.09765107255442687 6.759504706666666e-07 0.3606277471967383
274100.4034998302 274100.4034998302 274100.4034998302
0.07306861045660931 1.806173046666667e-05 0.3136069826707435
0.058725840974492884 5.6194690333333315e-05 0.03229762487257837
0.05578707318452069 0.0007523570547333333 0.143647543323139
0.05774247427425479 0.0008772285446333335 0.09391184505606542
0.11623830436866811 9.399410706999997e-07 0.47308600407747226
0.08266040702115081 6.045803213333332e-06 0.2512623343527025
0.09173439377986936 5.173296470000001e-06 0.2113976452599391
0.10210278239940543 1.1079531110000005e-06 0.31231088685015207
0.05795010268119564 0.0018255334419999994 0.0018708256880737295
0.06254219261612555 0.00016534992211666665 0.16115224260958083
264783.31634386675 264783.31634386675 264783.31634386675
0.1037645339237987 3.259253113333333e-06 0.0017114169215091124
0.0669285796485622 4.8022514000000005e-06 0.39860958205912134
0.07575550804271665 0.00027038855282649995 0.3042590723751273
0.05707525566931792 0.00031831138333333333 0.09360550458715622
0.061774044989165645 0.0006533144169033333 0.18281384301732917
0.05902132725781706 5.6030694999999985e-05 0.00431175331294531
206286.70998980603 206286.70998980603 206286.70998980603
0.07987983786682336 0.000542656358874 0.23221688073394509
200819.93289160772 200819.93289160772 200819.93289160772
0.059105958659010985 0.002161883833333333 0.3430108766564728
0.06155855555682546 0.0017640535533333332 0.004278328236495099
0.059539628224518526 0.00022776467699999996 0.13474103975535368
0.05951789755672321 0.0001979832378933334 0.15045439347604406
0.05899108511747057 0.0017812760010999997 0.0036487767584088004
0.0672844570683876 6.647190366666666e-05 0.1668280122324175
0.07244693210395044 5.206136586666667e-06 0.329459296636085
227484.369690792 227484.369690792 227484.369690792
0.06249874910232496 0.0012562056111106664 0.3990809072375119
0.05706205674447869 0.0022195393299999995 0.3388376452599391
0.05584225654139366 0.0007281996216666665 0.16259356778797063
0.05183966603147634 0.0014146487500000002 0.15858507645259934
0.06492468608485731 0.0003250244241766666 0.04862448521916507
0.13457524727631368 5.203121260000001e-06 0.3031635270132522
0.053351689584153185 0.0008756176666666663 0.2920051478083585
208635.5037376826 208635.5037376826 208635.5037376826
0.054185280207978075 0.00082930059947 0.15383045871559542
0.12515211066615722 2.2181146266666665e-06 0.2572809276248722
0.057343492010449894 0.0017081681373833336 0.4072531906218133
0.060019537050207676 0.000199679908431 0.3742013251783898
0.060904370348124716 0.0008141571133400001 0.247084444444444
0.09744563279606633 1.1414084000000002e-06 0.00019035677879619683
0.1019058230079081 4.897800629999999e-07 0.011951529051989151
0.08369961301325904 1.7392694839999999e-06 0.36611209989806337
0.05829976349500228 0.0019145482070516665 0.06163699286442492
0.05508571842706348 0.0013120630416000002 0.09196381243629004
0.05154187610619583 0.0006716032843333334 0.47320709480122325
0.08838989019457336 0.00012044660271466663 0.2264692966360844
0.07163613971868366 3.2712935466666658e-06 0.2928190519877685
278817.218824329 278817.218824329 278817.218824329
0.057083361192228635 0.0014928431256766665 0.09893733944954075
0.05821165206162863 0.0016229065532066662 0.3994468603465844
0.058536305851100735 9.496573679999998e-05 0.1042586544342492
0.08124828081954578 1.0653565195333336e-05 0.2948650050968409
206494.98810737432 206494.98810737432 206494.98810737432
0.057699971288360574 0.00025848038833333327 0.09554244648318067
0.08032342222146541 0.000251496425 0.047368226299694616
0.055724515188989535 0.0002645113739333334 0.2549682568807343
0.07147378254110422 2.935969010666666e-05 0.08839120285422952
0.06143281120178168 1.4480939799999998e-05 0.23336500509683855
0.07957753583064626 3.6494781833333343e-07 0.2054722528032622
277738.93136255513 277738.93136255513 277738.93136255513
0.06900187063642363 6.582382758333333e-05 0.043627991845054837
278095.5317703027 278095.5317703027 278095.5317703027
0.056216864824887115 0.0025602387542666676 0.37586676860346646
0.05293273252353158 0.0004330567222333334 0.36126088685015256
0.06026948289296408 0.0008630030769133333 0.19303825688073495
0.11074214305180749 1.0331573733333335e-06 0.221385107033639
0.05763582808778314 0.00039162055136666654 0.047167033639143874
0.06136168864721532 0.0005727502121643333 0.266237155963303
0.08163881008336278 4.488211706666667e-07 0.2805270642201845
0.3691959133608558 1.02748798665 0.4492408358817528
0.10197509985442987 3.4779864966666665e-07 0.06254280326197748
273958.5244648318 273958.5244648318 273958.5244648318
0.059086298649121585 0.0020357686 0.04875662589194585
0.054131194112618755 0.0015495859515666662 0.13255689092762557
0.05435798816845412 0.0004086907033333334 0.19538708460754473
0.06589636139794833 2.7086200240666656e-05 0.41270185524974456
335952.20863064914 335952.20863064914 335952.20863064914
0.062149996399615305 0.00045327069903333325 0.29562675840978736
0.0640905193103527 2.8916352458333338e-05 0.18521820591233418
0.06115495635782131 0.0025578387666666666 0.26351613659530937
0.06278265937258394 0.00013066399232666666 0.12649188583078486
273727.5526673465 273727.5526673465 273727.5526673465
0.05512831842422028 0.0005041194333333333 0.43426494393476034
0.05173846806864864 0.0006052845833333333 0.44758782874617653
0.06251956312034157 7.6147338e-06 0.11668851172273209
0.05769142956909948 0.0018089598351793343 2.3496432210112772e-05
0.07367650399838561 3.91839266e-06 0.0863674617736998
0.06707053177792895 9.048197433333333e-07 0.09811552497451714
0.07933887685662377 3.633330106666666e-07 0.30439630988786837
0.08319790763017197 2.018868636666666e-06 0.05392271151885675
0.06674036118009241 0.00011416932112866669 0.043812497451579
327566.60720353416 327566.60720353416 327566.60720353416
0.07054151974415435 0.00030213300529999997 0.37541126401630986
0.0908984489020581 1.8962007799999994e-05 0.39096629969418917
0.05482628028511408 0.0016136085466666667 0.26351784913353704
321983.26112810103 321983.26112810103 321983.26112810103
0.10767041745028366 3.438201666666666e-07 0.22130695208970508
0.0518898867273239 0.0006082027335600001 0.452901814475025
241713.6000679574 241713.6000679574 241713.6000679574
243625.99813115894 243625.99813115894 243625.99813115894
0.0583910827539101 3.9985275333333326e-05 0.05876623853211127
0.051500467896842296 0.0013554759333333332 0.18786866462792773
0.07618665124589892 2.7933139925999998e-05 0.38595013251783916
0.060199921626635566 0.0024909149570033337 0.06927747196737943
0.05286659996304284 0.0004241920544 0.40860964322120186
0.05264671525729399 0.00036832875546666667 0.4659425484199793
0.08870757535208025 6.100404668666663e-07 0.12908989806319981
0.05941893883909524 0.001594668098653333 0.0831470642201837
213721.0244648313 213721.0244648313 213721.0244648313
0.06019028283864743 0.0004394843596166666 0.1680191335372072
0.057737188939736485 6.476652333333332e-05 0.06772993883791933
225919.18535508015 225919.18535508015 225919.18535508015
262734.62453278975 262734.62453278975 262734.62453278975
0.11479970318684025 3.245406666666667e-07 0.2880893883792055
0.05187905326699849 0.0008854679756666662 0.25106625891946743
0.06359045167095896 8.927690387599998e-05 0.46532925586136553
0.055517736005600615 0.0013574863333333336 0.028501233435271
302120.2726809378 302120.2726809378 302120.2726809378
0.05685167035600398 0.00017189011666666668 0.15128892966361107
0.05208092541689047 0.0010888029801153331 0.40058951070336457
0.06871816129004696 7.127615929999999e-06 0.31995106014271135
0.05822898629964057 0.0020902849133333326 0.03544492354740081
0.06886226397324269 0.00016588415133333338 0.028406075433232036
0.06793544298624328 6.016943466333332e-06 0.0033442405708457024
214339.8955147805 214339.8955147805 214339.8955147805
0.05599868313957464 0.0004162149650133333 0.040919072375125154
0.10004135829653663 1.866147268333333e-06 0.13883056065239563
0.4026006708407178 0.39186113133926337 0.0018687971457702623
0.05527993161011675 0.0001203331383333334 0.01905988786952051
0.06446311043435789 0.002092784461727667 0.1740634046890932
0.061401165914738945 0.0022231543794266665 0.2776549847094798
0.06458643673372899 1.98360733e-06 0.011290071355759324
388407.3182127086 388407.3182127086 388407.3182127086
0.056756041694044614 0.0010398267073333332 0.06925810397553489
321264.1734624533 321264.1734624533 321264.1734624533
0.09744563279606633 1.1414084000000002e-06 0.00019035677879619683
0.11647620532446476 5.527972173333332e-06 0.4431945463812441
0.05326563763530519 0.0016512320813333338 0.45708266055045765
0.05175710492157837 0.0006584030684599998 0.2547377471967387
0.08249261044139833 2.670036883333333e-06 0.007223639143730587
0.05552950732261608 1.5871267833333336e-05 0.16410540265035678
0.07205062273247512 0.0002491058777166667 0.37008622833843097
346512.869520897 346512.869520897 346512.869520897
0.05203779946315619 0.0013172940954093329 0.3801018654434247
0.10206861439037418 3.2777549386666664e-07 0.06560836901121325
217757.74719673712 217757.74719673712 217757.74719673712
0.06615660133690893 0.0006665681123266667 0.3391365545361871
0.0584043078014909 0.0015216947033333333 0.13464234454638024
0.05678315374274992 0.002624549444033333 0.253348338430174
0.05455566349825491 0.002157674816733334 0.1169451681957181
0.06684828971607751 0.0002383557946 0.20825887869520887
0.06285382075645096 0.0002932952476666667 0.3090164016309891
0.05363719544378912 0.000547636156723333 0.46971132517838754
223807.1992864429 223807.1992864429 223807.1992864429
0.05685803161129002 0.0009798058257566666 0.19404229357798108
0.05892554499465367 0.0005355254591300002 0.0033632721712519853
0.061929996235311625 0.0010963901555000003 0.24118271151885873
0.06642358646148563 1.675092216666666e-05 0.061032324159020934
0.06780278742343929 7.337188125000002e-05 0.13795142711518826
0.055031595482305296 0.00045582721333333343 0.17324724770642108
0.1121724269492588 1.9236939863333337e-07 0.27028953109072296
318703.11331974133 318703.11331974133 318703.11331974133
358009.49286442396 358009.49286442396 358009.49286442396
0.05930659937833156 0.0022160748101036666 0.01076359836901064
0.05231345979365383 0.0007155497404733334 0.4435410499490313
252505.050118927 252505.050118927 252505.050118927
0.09301975924703532 2.9718572705333335e-06 0.10268457696228284
0.06142715749131089 4.7191893333333335e-05 0.06932224260958053
0.09755071088025818 3.0217057166666664e-06 0.1510368705402656
0.054550733830052815 0.0003838084576333334 0.30013151885830736
0.08360974588281112 1.0319016096666665e-05 0.022141600407747486
0.108036102021763 2.564382476e-07 0.012220917431192913
0.05453192295278149 0.0006959607043486665 0.16099509683995894
225364.09276248736 225364.09276248736 225364.09276248736
0.1066733916991836 1.7935739366666666e-06 0.2719691233435282
0.0914549837015183 3.6799561899999988e-06 0.042201335372069604
0.06256705306228061 0.000570947502613333 0.20244133537206865
0.07213674828744883 0.0007501601509666667 0.13265835881753363
0.055107304617744705 0.0008496944574176666 0.14289132517838965
0.0756924318637477 1.3004837899999995e-06 0.007193934760448162
0.07957676345358314 7.44661758e-07 0.20991065239551387
0.06273133076599953 0.0011319565129333333 0.2555080224260968
0.10678347810569247 7.883229729999999e-07 0.42479335372069316
0.09964475305787157 2.9630853366666666e-07 0.012824923547400502
0.05144727609338565 0.0012622771580709999 0.21458817533129437
0.05276712804964937 0.0014679113340166665 0.3796595208970426
336132.34794427484 336132.34794427484 336132.34794427484
0.0663648934628996 0.00029510305700000005 0.4178462691131495
0.0877059739633739 0.0001177335873086667 0.14326827726809466
0.06343158107311475 2.162096166666667e-06 0.024429327217124097
0.05315605264147505 0.0015678944165830005 0.20024624872579055
0.055256705227716446 0.00021913109432666664 0.21560707441386295
0.05811841037759439 4.020508899999999e-05 0.28440863404689054
0.06096281293645811 0.00095777482 0.18744792048929693
0.05386013111894198 0.00042746540196666663 0.1345763200815484
0.0646180967381963 0.0010368436472133335 0.12156764525993946
244944.80971797538 244944.80971797538 244944.80971797538
0.053933802468047756 0.000585863396 0.3518853312945982
0.08786414369285714 3.5226198180000005e-06 0.3984166055045888
280344.13438667974 280344.13438667974 280344.13438667974
0.06886456269116861 4.817315266666666e-06 0.04269699286442474
226102.00050968397 226102.00050968397 226102.00050968397
0.0544533279347172 0.0027207332333333326 0.18062241590213857
0.05164328398606769 0.0010140911620000002 0.12498434250764578
0.372480515592724 0.9000274940793335 0.402417380224263
0.05749938252809668 0.0020734914653333333 0.02211652395514907
208877.57390418017 208877.57390418017 208877.57390418017
0.056883717792063096 0.001275677641166 0.25914352701325116
0.06895550191604967 0.00017103241347466664 0.37963685015290505
0.06167909324948372 2.7924785800000003e-05 0.08740839959225344
0.06903423221941973 8.688632e-07 0.276957288481142
0.053522651495245516 0.0006093010612000001 0.3299455453618747
0.05833249645417611 0.0004553762253333334 0.21267588175331031
0.06272574706881784 0.00032063166498 0.25097532110091736
0.06699600298835613 0.0001267990128333333 0.37120065239551536
0.05807297921358212 0.0012504984513333334 0.017957013251782783
0.05321531352036993 0.0009264413804999999 0.010525453618757563
0.05899590195421947 0.0018130615914999989 0.029712059123344403
0.08683507677137114 4.963078181333334e-07 0.07110773700305772
0.0590684730660211 0.00017312557293000007 0.34113665647298763
0.07197132433500127 1.4631906327999995e-05 0.24905685015290446
528399.3968739383 528399.3968739383 528399.3968739383
208025.92592592596 208025.92592592596 208025.92592592596
0.05357491183634725 0.0004309578983333334 0.009280693170234944
0.051936202593633 0.00044226000313333353 0.40976514780835993
0.0635660731385016 1.777965333333333e-05 0.323340825688073
0.0740095735002639 2.076539071666667e-06 0.21604245667686017
0.09573824204593262 2.74251555e-06 0.07093611620795004
0.11859127298717052 3.4395391e-06 0.39085694189602327
0.0543001996488458 0.0006798511167826665 0.12152450560652284
0.06923267034393488 0.0008013640809999998 0.21982025484199808
0.05211228478550226 0.00046612009133333336 0.23251871559633042
1.7976931348623157e+308 1.7976931348623157e+308 1.7976931348623157e+308
0.054291740980543124 0.0013649983433333332 0.1516096330275234
0.08769079741309622 1.783210885566666e-05 0.1362106625891939
0.05852348161784582 0.0007881594382000001 0.06639868501529067
0.05661427609082392 0.0012839667966666663 0.06907941896024461
0.07746815250301083 4.142239306666666e-07 0.20915106014271156
0.07293250973759594 0.0001855663243253334 0.03611351681957231
0.06719384307335508 2.1788760000000006e-06 0.0808844342507653
0.0900845449206169 5.577834326666666e-07 0.11337856269113145
0.06713693437028263 3.7860942003333322e-06 0.07967565749235472
207904.79952429418 207904.79952429418 207904.79952429418
0.06875838013569979 3.256119723e-05 0.015474209989806198
0.11092345663305261 3.1046612446666674e-07 0.13217859327217152
0.05870628610257426 0.0013024587249999997 0.00037494393476134036
0.0645097401701182 0.00036112661658 0.24994594291539185
211746.10091743086 211746.10091743086 211746.10091743086
0.12023853190372032 1.313196373e-06 0.13767358817533148
0.051895935135126275 0.00036650627609999996 0.46607955147808333
0.05495469510385301 0.0015897017853333333 0.1317739143730874
251734.1828066595 251734.1828066595 251734.1828066595
0.062776648223309 0.0009858327075333332 0.2707357594291535
0.06594912142849892 0.0005918607436333333 0.04728394495412891
0.056647120892124536 0.0007185570490000002 0.43309834862385266
0.0766085854312332 9.64986586666667e-07 0.312793679918451
0.061456059635445606 0.0016944795570000002 0.2228477777777771
0.07573840980028068 7.746184833333331e-07 0.025399602446483094
0.0510970058322386 0.0013940669269333337 0.40462245667685925
0.05841586568426878 0.0005911932762318666 0.28763924566768617
0.05755466178663019 0.0012658102205649997 0.08656952089704317
0.07869439486643307 3.4033865633333333e-06 0.3248745056065232
0.0723884896630564 1.6802797883333333e-05 0.31560823649337433
264069.26605504623 264069.26605504623 264069.26605504623
212408.21865443437 212408.21865443437 212408.21865443437
221906.39653414834 221906.39653414834 221906.39653414834
0.07771895422354438 1.6969809466666667e-06 0.0781149337410807
0.07151500904912614 0.00010750525028000002 0.1507684811416916
0.051895935135126275 0.00036650627609999996 0.46607955147808333
0.05205598066565627 0.00036571382866666663 0.4653404689092784
0.05802315600451557 0.001822240485466666 4.4352701325411914e-05
0.058151693438644306 0.0005884103113466666 0.2727098470948017
311916.41182466847 311916.41182466847 311916.41182466847
0.05499691992354038 0.0009157338925733336 0.06758224260958201
0.07428684336166469 3.5724174e-07 0.10714904179408746
0.05312786611261466 0.001637169470833333 0.3955525280326202
0.054047760200773946 0.0005102381163333335 0.22309044852191562
0.05694683184992795 0.00013838579566666665 0.022524709480120197
0.05449110051465977 0.0004696229513333335 0.011003231396533586
0.0706416788791336 0.00021188773099999997 0.17333554536187545
0.053814190272641074 0.001736642201 0.4753600407747198
0.12078151059361818 1.5310347633333331e-06 0.408580958205913
0.06049878249790563 0.0019411816731333324 0.21987644240570736
0.07643800906746046 1.1821251300000002e-06 0.10977166156982543
0.10822501831662774 5.959390800333332e-06 0.1946730479102965
0.05541717857958517 4.010627833333332e-05 0.019006778797143742
334385.64814814844 334385.64814814844 334385.64814814844
0.05269164536463548 0.0002291106706 0.18140562691131557
0.06008491122224924 2.6923899333333335e-05 0.2191546075433224
0.08378984467029456 2.57729005e-07 0.39552304791029513
0.05542546804429904 0.0021585907673333338 0.11883188583078441
0.08384141359958396 0.00029744012884366664 0.2825720285423041
0.05204457077985969 0.0014108846499000004 0.1589774413863414
0.0701770148446393 5.856376313333332e-05 0.14554374108052937
0.07613023218637219 4.120813166666666e-05 0.21686865443425152
0.052063852759076615 0.000736750019 0.4725006422018341
0.10075465963683068 2.3647687956666664e-06 0.26351744138633837
0.05235886648741294 0.0006939010066666665 0.15499054026503467
0.0707000755615163 1.018175346666667e-06 0.19933851172273176
0.05625032132115374 0.00023048863833333326 0.4337095208970423
0.05806573503865482 0.001788351310833334 0.010980356778798495
0.05436899254182981 6.151171099999998e-05 0.1932970744138629
0.08719163112421449 1.3212588193333335e-06 0.11211583078491305
0.05329677795860151 0.0006433136323 0.2358872986748226
0.0555165813464058 4.2480059000000015e-05 0.1019429153924567
0.06426522394890229 0.00036556176772999983 0.4675524464831817
0.06503799219489947 5.447175619466667e-05 0.23452855249745186
0.051889655732080375 0.0011574189849133335 0.1959278083588174
0.10615299239987747 3.5706504247333326e-07 0.01295518858307787
0.053976222655616884 0.0010311746366666666 0.1645304689092768
0.05133037893179977 0.0007881206553333333 0.34827552497451686
0.05652776120260912 0.0010802792756666668 0.04165850152905026
0.055086717852452075 0.0019858977513333327 0.11109159021406567
233105.97179748525 233105.97179748525 233105.97179748525
0.06978176715786569 0.00015024522463333333 0.18426092762487345
0.07946261882197703 6.114995953333334e-06 0.12320788990825582
0.058955848581919414 0.001992846864333333 0.4217090417940881
0.06183712755794334 0.00018943643319999995 0.2749518144750249
201246.22833842953 201246.22833842953 201246.22833842953
0.05813380289992243 0.0009426041703333331 0.0974586544342495
268995.56999660225 268995.56999660225 268995.56999660225
0.0582794332890922 0.00027312836466666674 0.020219327217125826
0.08290904278199995 2.1256536289999992e-05 0.061754505606524734
0.06561635235144095 5.569698860000002e-06 0.04068021406727951
0.40984374759959047 0.34879714566685194 0.044535249745158545
214619.062181447 214619.062181447 214619.062181447
0.07239637712231364 6.455623228099997e-05 0.4061643017329266
0.06424170067330781 3.168960138666667e-05 0.060389255861366564
0.08119359571033254 1.9157439643333333e-06 0.4578706931702339
203092.9451240233 203092.9451240233 203092.9451240233
0.05322614210569612 0.000844411179724 0.016538389398573106
0.41261666880678327 0.3085392331047827 0.0008522426095827207
0.05179011924438111 0.0014342907403 0.17134254841997976
237275.39500509665 237275.39500509665 237275.39500509665
0.41365857356395563 0.44525851158043195 0.01118668705402781
