0.0855315532999875 2.580418886666666e-07 0.39944489296636077
0.07830013132456488 4.876960265333334e-06 0.26408792048929675
0.05413052627795204 0.0003286862593333333 0.18457819571865475
0.05436460714495453 0.00045379412843333334 0.17206143730886891
0.0672582615566999 0.0006711733378333334 0.023314729867483397
0.06108304227227175 0.0004112301736666665 0.09459125382263034
0.09393442669349228 3.024775266666666e-07 0.020593333333333685
0.06057280157129722 0.0001193616978 0.322726738022427
0.09475382687010776 4.667686253333332e-06 0.014002161060142626
0.062210705344250286 0.0009546072970999998 0.010689102956167318
236173.95939517528 236173.95939517528 236173.95939517528
282308.1464492012 282308.1464492012 282308.1464492012
0.08021537894616429 2.1065117695333323e-05 0.07163468909276283
0.05919603648383871 0.00030945716766666675 0.30708300713557746
0.06805847850870635 6.1296671133333324e-06 0.1559688073394483
0.05294750001552824 0.001512149676889334 0.24774271151885818
0.05956274045783153 5.978902872233332e-05 0.2819544648318044
0.052793950408115145 0.002055162801333333 0.469554811416923
0.06346592395933051 9.473697640999998e-05 0.28790876656473063
0.08636430453358868 1.0304437242999999e-05 0.028408654434250113
0.08961780564509561 8.085546333333332e-07 0.27603970438328185
448128.32568807347 448128.32568807347 448128.32568807347
0.06449854005475641 0.00019380375027666666 0.23594205912334454
0.09397321791872076 4.849560776666666e-07 0.022937135575942236
222770.1664967714 222770.1664967714 222770.1664967714
0.06249990765619025 0.00010525788092233333 0.2752976452599398
0.08772930966143677 4.2849108666666656e-07 0.038985749235473044
0.058736692187988784 0.00017123317299999995 0.048905300713558475
0.05653111665992142 0.001850455896866667 0.03443750254841893
211343.6756710838 211343.6756710838 211343.6756710838
0.05721454730581143 0.0006008758908433333 0.01911501529052062
281753.3978933062 281753.3978933062 281753.3978933062
395779.33231396513 395779.33231396513 395779.33231396513
0.05317437722868301 0.0013996645551843333 0.05000784913353851
0.07313351052823154 0.0015922381215333333 0.12833994903159995
0.4122263052354712 0.3136482448167966 0.023272405708459676
0.059953520631838675 0.0022667424236666673 0.01572550458715538
0.0672986750373747 0.00042033730130000015 0.346282976554535
0.058022664602271526 0.0017836395476666668 0.14538800203873503
0.09441712664872921 3.7286689399999995e-06 0.08761694189602531
0.08717421176799652 1.517327833333333e-06 0.1658823037716628
0.055570332709903594 0.0001039150295566667 0.11871960244648383
0.058110176015152296 0.001006441217833333 0.13540838939857114
0.36780868565443775 0.040000504267 0.2888329663608564
0.07536744188386996 2.9950146463333334e-06 0.1236749745157999
0.05921404062325977 0.0012022676663999998 0.09604314984709506
0.05333693951948985 0.0012663091013943334 0.39970968399592266
0.07146897707403191 0.000207975696122 0.46884539245667556
0.08592251021168643 3.8159096666666673e-07 0.12359729867482061
0.05238301064701063 0.0012348666326666663 0.15093068297655243
0.0726324808680346 0.0005885730681693334 0.373458776758409
211178.40638803953 211178.40638803953 211178.40638803953
0.07144904808891546 0.0007535563944070002 0.032810876656471866
215135.5716955483 215135.5716955483 215135.5716955483
0.3918031449024339 0.34661911559882497 0.2676766972477074
0.05780942677187706 0.00021688364596666665 0.2735465239551478
212268.56099218462 212268.56099218462 212268.56099218462
0.07976942284406414 5.9667552e-06 0.10671254841997913
0.051473524516542746 0.0015758978387000004 0.2833049949031592
0.06216299058884481 0.0005535708584633333 0.1021652293577997
0.07410091259094782 1.0941340083333332e-06 0.356314413863406
204956.71083927914 204956.71083927914 204956.71083927914
0.05675981911850539 0.0003231366761766667 0.27262794087665565
0.054148854886496414 0.0009621335587000001 0.058316483180425926
0.07677892153264831 6.203981686633333e-05 0.30686597349643385
0.08823155529485345 4.509376181333334e-06 0.12788756371049947
0.0583270331188892 0.0018648934770666668 0.09141137614678962
0.055436988266684195 0.0012521973652166666 0.15264309887869576
0.0963839596691048 6.304878133333335e-07 0.2676510193679924
0.058491314741174895 0.0009356896393233332 0.02733425076452667
0.1008004050668337 4.0505529499999993e-07 0.1363941692150874
0.05769142956909948 0.0018089598351793343 2.3496432210112772e-05
0.05464936281970974 0.000154162879 0.2267407951070326
202403.93730886796 202403.93730886796 202403.93730886796
0.10525491489804628 1.5294926933333333e-06 0.3586691233435273
0.058064647740280674 0.0007131787982633333 0.14025641182466853
0.0558631262941022 5.5897947399999994e-05 0.31188009174311926
275518.20421338745 275518.20421338745 275518.20421338745
0.051168696381083234 0.0008401657173333333 0.46983149847094685
0.052458464984200405 0.0010065167648019996 0.3333077879714592
0.06525846662412249 4.37142889e-05 0.09435812436289481
0.0848730525175696 5.023896763333333e-07 0.051268450560652656
0.06486421639096321 0.00046904268650666664 0.24432078491335263
0.06668039704658915 1.707771224e-06 0.14238963302752428
0.05160333117414584 0.001897472561633333 0.45481073394495297
0.06434130227955906 0.00019762578300666669 0.27565979612640046
0.058346046090839335 0.0012297862943999997 0.42292936799184533
0.10190723677930642 4.5341416566666664e-06 0.02156009174311979
0.06551948202006189 0.0008541998944749999 0.18027362895004995
0.05803543135811343 0.0010125613839400002 0.22300033639143768
0.0543657071549903 0.000245377854227 0.44186176350662576
0.09227621966881586 8.323075109999999e-07 0.11827687054026592
0.09641644562823022 9.221265876666665e-07 0.1113259734964327
0.3824575834062943 0.2245834466246964 0.2826449949031593
249519.2915392457 249519.2915392457 249519.2915392457
0.08458626996016101 2.2968863799999997e-07 0.24721231396534105
0.07014760321759275 1.2354145993333335e-06 0.1921699082568793
0.052597059964296235 0.0013189300066666666 0.21635416921508677
0.10326666880222467 1.992830036666667e-06 0.02581083588175348
286255.80190282076 286255.80190282076 286255.80190282076
0.14882390068211443 1.5152127499999996e-06 0.44990559633027516
0.08215213949505862 3.908899753333333e-07 0.12213199796126428
0.058633613044620225 0.0016639550272999999 0.10090536187563792
0.05312952679724477 0.0003187493126666667 0.06087038735983619
0.06155870326971646 7.98041877666667e-06 0.05058952089704416
321145.378865104 321145.378865104 321145.378865104
0.06527745292118828 0.0009251911823333334 0.07944973496432128
0.055328051362961185 0.0006575247033333333 0.02081346585117183
221365.9233775065 221365.9233775065 221365.9233775065
0.05863074444661379 0.0015372008256466668 0.03885039755351505
0.08212832685168503 2.1646583533333335e-06 0.036524057084607264
0.05514296445243227 0.0001739871826333333 0.1876227522935796
0.09803967037569622 1.7617985399666667e-05 0.05147841997961322
0.40713393249953733 0.07062151329886934 0.07119569826707384
213794.24057084596 213794.24057084596 213794.24057084596
0.06623348810616561 1.1821811996499998e-05 0.10472565749235363
261042.01070336418 261042.01070336418 261042.01070336418
0.07284550039079703 4.087488945666669e-06 0.0866212640163102
0.08758463311640492 8.445058827e-05 0.32763955147808455
0.058563416235630175 0.00023551737033333326 0.3567617023445462
244315.3584777433 244315.3584777433 244315.3584777433
0.4094030615165054 0.21352969756100332 0.09587061162079547
0.05859661937896321 0.00010301475899999996 0.2361903363914375
0.08794135206737703 6.813047863333332e-06 0.1471951885830789
0.06288130185612939 2.6451977020000007e-05 0.04858019367991906
0.05671994560348821 0.001504965326786667 0.07990089704383374
0.05820558471314852 0.0014552812869666663 0.05266642201834859
240814.29238871855 240814.29238871855 240814.29238871855
0.06345705992077222 7.303420241333335e-05 0.3491466564729877
0.05548580040726884 0.0003423543971666667 0.4568769928644252
0.05427128773671637 0.000606607145115 0.3544109683995913
341011.382942576 341011.382942576 341011.382942576
200675.86221542588 200675.86221542588 200675.86221542588
0.055770162715473706 0.0028085272070666662 0.21906414882772607
0.10829365900581425 1.794743833333333e-06 0.13315177370030495
0.38493927210388906 0.099191182321944 0.2708449847094805
0.07672361376525483 1.0607771330000002e-05 0.4696442405708474
0.05266087260514081 0.0011367420290333335 0.3531041997961255
0.08869913789247959 3.872061823333333e-07 0.06520896024464928
0.053302705560853106 0.0001739663933333333 0.07639817533129456
0.058427191985742824 0.0007492829935666665 0.3228244138634051
220882.32246007488 220882.32246007488 220882.32246007488
0.10870843214385412 3.3298602229999995e-07 0.12675134556574852
0.06365088316403078 0.0007839738805999998 0.2967365443425076
0.09906478841514135 7.769803323333332e-07 0.0034187359836903575
236617.14237172916 236617.14237172916 236617.14237172916
0.09268843129762278 7.256269333333334e-07 0.3349028950050976
0.06112300697813307 0.0011657450658766663 0.2520585524974517
0.06452963457589647 0.0001373491609 0.14764608562691128
0.09812276703925607 2.6048343799999994e-07 0.0008038226299698081
0.0580590735442064 0.0006974172371029999 0.19642057084607512
0.09990031672898014 0.00014081303017566665 0.3684753312945981
0.06041668752941494 0.0018526713540000007 0.02065755351681897
0.07373441565689783 0.00015723271105933328 0.2496147298674818
0.06640481321542376 0.00033293919037 0.015236330275230525
0.060485950244488065 0.001934485967666666 0.16627666666666752
248772.77437988445 248772.77437988445 248772.77437988445
0.3715485548415143 0.22738125317066668 0.1892708868501516
0.3404790710994137 0.00063975758696 0.015215922528033055
0.07039961161226567 0.0005126752769933334 0.4213339347604481
318925.89194699284 318925.89194699284 318925.89194699284
232546.89942235785 232546.89942235785 232546.89942235785
0.06189646563355325 0.00011152505417333333 0.022410917431192612
0.09735086467624361 8.627285356666666e-07 0.027320784913354323
0.05914855586664032 0.0011133477174066668 0.32113522935779804
0.08554642586208226 1.6494720683333335e-05 0.038739806320081005
0.058819841073003934 0.0008196599020566669 0.06331010193679987
0.06224724893964151 0.0002377732904566666 0.35259230377166073
0.1033741884257803 2.3841160232333327e-07 0.020443873598368967
0.06543817315424201 0.0002844186415 0.011499449541284346
0.05543341879568642 0.0005216440515000002 0.17269832823649356
0.05363291638688868 0.0013404564083092266 0.20800816513761422
0.057558345416531265 0.0018126526654666673 0.05405981651376068
0.05288465085408792 0.00035966339966066673 0.26416154943934655
0.3755283785022085 0.1149744078641667 0.14447003058103958
0.059249640187962596 0.0012820248666666663 0.09253137614678897
0.08206147178829522 0.00033779787866033327 0.2442922731906214
0.054522716435142796 0.000345447438 0.47022859327217237
0.05936123606883943 0.0012109058953333335 0.10934472986748256
0.05971341031996105 0.0036135097712899997 0.47083039755351663
0.05851581838745348 8.73668375333333e-05 0.14559106014271128
238491.46704043512 238491.46704043512 238491.46704043512
0.053038871279294325 0.0008662336516999998 0.2941491335372075
0.09403600371179169 5.724138663333332e-07 0.07718527013251819
0.055124245542269835 0.0006539231128933333 0.43435685015290515
0.05454320254804978 0.0015438073032999998 0.10190615698267003
0.06452599976609281 6.71707688e-06 0.19212621814474984
0.0900019457718173 1.964683666666667e-06 0.1784130988786954
0.071254653278923 0.0007442128979983332 0.07058773700305787
0.05936376836814893 0.0017014980457949994 0.03742013251783849
282924.1802582404 282924.1802582404 282924.1802582404
0.10626851533475615 4.2130677866666667e-07 0.14262120285422997
0.11946052394727072 3.5553987699999994e-07 0.3947458511722739
0.05962659558595551 0.0017260091826333333 0.02396679918450495
0.06486423967895205 0.0006860023326956664 0.10829715596330303
0.07767884793550786 2.244530183333333e-06 0.061015280326198074
0.06181157183110656 0.0009833873857033328 0.2534614373088684
0.051065446909743864 0.0016327723945999998 0.4165447910295601
0.053258865616302845 0.0002997977425466668 0.4771437716615696
0.0989341170327523 3.885978696666667e-07 0.16810660550458767
0.05171680400373631 0.0013455157433333333 0.2004729255861366
0.051660234898512715 0.0009594080230000003 0.2327427217125373
0.07086824850925066 0.00011511232040666667 0.45313903160040936
0.05611692050818791 0.0005083642353899999 0.2393188583078496
0.08810562570633403 4.482654103333333e-07 0.015146727828746265
0.0804395109018512 2.7418109599666678e-05 0.2643877981651377
257351.23598369068 257351.23598369068 257351.23598369068
0.06218350824004089 0.002149050627487333 0.22785784913353613
299040.28627251124 299040.28627251124 299040.28627251124
251894.90316004105 251894.90316004105 251894.90316004105
0.0628182399583658 0.0027142231611623335 0.41436094801223344
0.058002336205873986 8.477954699999999e-05 0.401105402650356
0.051713994676612675 0.0008691698315666664 0.41411053007135523
0.05772503512264866 0.00046322108373666673 0.4098167176350658
0.06475244581279622 3.9242496799999994e-06 0.05966125382262932
0.09055575287017009 2.3670503633333327e-06 0.42397320081549306
0.0987933520605451 1.577265132166667e-05 0.0007871151885829875
0.3734160512899668 0.18667451826938666 0.3781990010193681
0.06469872191477873 2.1332978586333337e-05 0.1372307033639144
0.06782608349770058 0.0005089055790109998 0.2503549337410793
0.0507964705836084 0.0008103540060000003 0.46153506625892016
0.0678833650368417 0.0005289595264453334 0.05123422018348567
0.05403932982777485 0.0005286273649999998 0.34688508664628026
0.05209096724674851 0.0008566086086666666 0.3231659327217118
0.0510146029445669 0.0015472276118669668 0.2735325178389387
0.10811870116593694 3.5318776666666654e-07 0.1866352599388379
0.052606510089343916 0.0008971600633666668 0.17012194699286498
0.10581572608019947 2.6323729380000003e-06 0.34270772680937656
0.05316999097766916 0.0007407224226666663 0.09430253822629941
215554.93119266033 215554.93119266033 215554.93119266033
225556.9996602107 225556.9996602107 225556.9996602107
0.12396821784887097 3.484165666666667e-07 0.3909315188583071
371726.044852192 371726.044852192 371726.044852192
0.05375035992091666 0.0018553120688000002 0.16576067278287354
0.10036786248522828 4.0379766066666685e-07 0.02393461773700345
0.0705837195791752 0.00023557193479999995 0.32560763506625845
0.05956797976611572 0.0019824048195233334 0.2627962181447514
0.05324769761184074 0.0013839980118666667 0.4301673190621802
0.062240475570441246 0.000854751613692 0.16398066258919464
0.059563943349695794 0.00014761645176666666 0.2128575739041807
0.12212930770993341 1.8651851776000003e-06 0.38476724770642123
0.08458626996016101 2.2968863799999997e-07 0.24721231396534105
0.3682107716708222 0.33603343157203663 0.45294666666666483
0.07542561005788306 2.2947702016666663e-05 0.3014577879714575
0.05089102594582669 0.0007642610456666668 0.4773581447502542
0.06587557854411903 0.0004654657047333334 0.33247366972476966
0.07276508122351935 0.0006815202692228668 0.1838873598369002
0.050967964155772906 0.0012531050761666663 0.40646648318042855
0.08451791269399973 4.001199633333334e-07 0.17128180428134554
0.05833684815226639 0.00041921576850000004 0.20742273190621718
0.0554248728730489 0.00043096571499999986 0.1278759225280326
0.08815697601016688 3.2120620000000004e-07 0.023258124362894872
0.0688592561906477 0.00035528481970733335 0.0006840366972484802
0.05495145715042256 0.0010355902827266668 0.14729489296636
0.05683653163691197 0.001409455829742 0.2861096738022435
242535.8222901801 242535.8222901801 242535.8222901801
0.09040864422080237 1.9020388323333335e-06 0.0351599898063224
0.05342986167427876 0.0014665484404333335 0.29262410805300654
0.060873667314644386 0.00188107943856 0.17220375127421006
0.39254752705274437 0.3284104053554586 0.1303631192660557
0.05247800449613711 0.00042546938399999997 0.4580576146788986
0.10078812443468935 2.376002538e-07 0.0016264220183490607
0.06007693605431341 0.0007856835503666663 0.1259822528032628
0.06386212869658865 1.2911611333333335e-05 0.14217514780835927
0.060581740241546014 0.0006155180838033332 0.0017967176350666136
0.06206520625434401 0.0027695943162152395 0.21285712538226242
246685.21491675123 246685.21491675123 246685.21491675123
0.06694202066276791 9.376362402333332e-05 0.3328426503567794
0.05863074444661379 0.0015372008256466668 0.03885039755351505
0.05621179970345927 0.00020524793512666665 0.3295290214067297
228372.46432212056 228372.46432212056 228372.46432212056
0.055724277880518064 0.001822409341266667 0.021887257900100376
0.06647615306429122 0.0012371845079333329 0.2757681753312924
0.08947573783455645 1.7484197359999998e-07 0.16256987767583952
0.05397235315309578 0.0006087085592333333 0.07840328236493521
0.06127794392669416 2.6870844400000007e-05 0.42007321100917316
405701.09157322533 405701.09157322533 405701.09157322533
0.05267185012527842 0.0009605157033333334 0.11331574923547372
0.06093111721614715 0.0011579241208999997 0.030690632008154584
0.060037491481054486 0.00044495617736666653 0.13662131498470842
0.08309583593973519 0.0006379283193666666 0.35425802242609716
219516.87054026537 219516.87054026537 219516.87054026537
0.05769142956909948 0.0018089598351793343 2.3496432210112772e-05
0.05118360637170216 0.0015665950156020668 0.2780839857288475
257967.99609242284 257967.99609242284 257967.99609242284
0.05753179844293288 0.0004211432003333333 0.013495810397552432
0.06251595873510385 8.702653610000002e-05 0.13586308868501584
212227.9689092761 212227.9689092761 212227.9689092761
0.05169119789915159 0.0008917415266666669 0.4400512334352684
0.05769142956909948 0.0018089598351793343 2.3496432210112772e-05
0.08975911808351385 8.617242899999998e-08 0.11068510703363987
0.05568368810193432 0.000324006388889 0.3897886646279298
0.07560843241122042 6.449415173333332e-07 0.4635117431192668
407993.56948691834 407993.56948691834 407993.56948691834
0.11015499151285119 2.2939420366666672e-07 0.12982530071355747
0.05495444626593804 0.0005753976388866666 0.36771771661569863
0.05956378079680649 0.0016676390827666666 0.03324498470947823
0.05920167272706085 0.0015860539411666663 0.41226355759429145
212867.85592932356 212867.85592932356 212867.85592932356
0.05877034418091124 3.9950963893333336e-05 0.4318266055045865
0.059031783418085196 6.524481333333332e-06 0.34341844036697156
0.06549896837908349 6.150349333333332e-06 0.26924638124362943
0.05820706917266908 0.0018196243323333338 0.0023488277268093327
202630.1520557253 202630.1520557253 202630.1520557253
0.06879761284654017 8.686164093333335e-06 0.1451453516819572
0.05329066040738898 0.0014115785856666666 0.19981608562691067
0.0700889401369108 0.00040857654718400005 0.42784379204892975
0.0552190302678367 0.00021006309443333333 0.39892038735983615
0.10300467130146077 2.2932311359999995e-07 0.015499745158002565
0.05410715599095139 0.0014023362166666667 0.3464189806320084
0.058184203008009486 0.0014605379166666669 0.10812945973496468
0.05588494609770355 0.0008258691655333333 0.17178846075433318
0.1582402717519755 3.1758691533333335e-06 0.45064527013251787
335852.047230717 335852.047230717 335852.047230717
0.05279775170542218 0.0020689897272440005 0.262027798165136
0.063198468920036 0.00038676373679333336 0.16030805300713702
0.0625566883925889 8.530336539333333e-05 0.23164819571865447
0.0521062368637097 0.0011391542662566663 0.20170009174311865
0.058078242198210894 0.001955991420299999 0.07679629969418977
356730.15205572546 356730.15205572546 356730.15205572546
0.059700354251973835 2.0163091429999998e-05 0.004273547400611033
0.08040474165823722 4.923718348666667e-06 0.03189174311926646
254258.9576962284 254258.9576962284 254258.9576962284
0.10355655430540481 4.1706059999999996e-07 0.08409146788990762
0.05754207605347043 0.0013301357042066666 0.04237126401630986
0.0510970058322386 0.0013940669269333337 0.40462245667685925
0.05854525647467982 0.002124396278234 0.0033403261977560383
0.056486465732472915 0.0015391756247000003 0.16682260958205797
0.09114943571362469 2.5068416e-07 0.11127264016309857
250821.62759089412 250821.62759089412 250821.62759089412
0.10482393174482757 3.361469606666666e-07 0.0646197043832828
0.06976525112359107 3.266728870999999e-06 0.11759605504587123
0.06520560620435112 0.0009371899019116665 0.23089860346585045
0.08806017446276265 2.398895e-07 0.21844231396534175
314270.1240231056 314270.1240231056 314270.1240231056
0.09590530269773145 1.6818432039999997e-06 0.03887495412844144
0.051255834083276525 0.0013396242566666662 0.2534031804281338
0.06030995287874792 0.0002227761153533334 0.33822964322120264
235887.49575263335 235887.49575263335 235887.49575263335
0.052602022571944934 0.0013949920511333333 0.4257286238532112
0.06724719722056216 9.335319141666666e-06 0.1278198165137603
240427.2553516813 240427.2553516813 240427.2553516813
0.05082427011244131 0.0007599857571866668 0.4017425076452592
214868.13625552214 214868.13625552214 214868.13625552214
0.06554180322943073 2.185998516666666e-05 0.053894393476044744
0.07341093619994543 4.543929963333334e-06 0.26682670744138726
0.056421293558977514 0.0005722336537666667 0.17871355759429175
0.05980155247218573 7.805381046666667e-05 0.3242444750254827
0.0589369518373645 0.0007490571378999997 0.00836939857288499
0.05842474284877659 0.00038590420980000003 0.16476442405708447
0.09279866775966941 2.371808773666667e-05 0.22432710499490272
0.05149391211096162 0.0008447029666666668 0.36592606523955107
0.05859556486408697 0.000110137751 0.35300110091743075
274132.6495073055 274132.6495073055 274132.6495073055
0.06622061689807227 1.41931331e-06 0.11601497451579945
0.07807227465735862 5.242428966666666e-07 0.15351483180428227
0.09760015502546832 5.427766272666665e-05 0.27148605504587087
0.05289478270595478 0.000712138651333333 0.16358375127421
340461.39143730846 340461.39143730846 340461.39143730846
0.054489686346977956 0.0025990880049999994 0.44527968399592277
0.05697493510557661 0.0017437281372333331 0.011499174311926375
0.05415378153202306 0.0005487071672566667 0.41341042813455564
0.06043958616695906 0.0011489050855666666 0.009717686034658168
0.05249973352815998 0.0015859409197699998 0.3786585321100917
0.05738035845024854 0.0001870344190333333 0.11268848114169394
0.06909620599919189 0.0010076861629986665 0.31830523955147916
0.059100412513939195 0.0015474655760079996 0.06634895005096775
0.06190360751019815 4.3160904140000004e-05 0.0004078695208962202
247310.36357458303 247310.36357458303 247310.36357458303
0.11532501756284957 5.272941998e-07 0.2111382059123348
0.07291341328257835 2.8258244373333334e-06 0.2852451987767588
0.07047351826067177 7.981180650999998e-06 0.06667419979612577
0.05544899822897338 0.0005208661078533334 0.023885484199796636
0.07946427777788785 6.759921819999999e-06 0.3778772171253819
0.06977880309663165 0.0002686754529446666 0.21639664627930655
0.05263224607681201 0.0009636957853333337 0.31995211009174307
0.05643521861101648 0.0027260841777943332 0.4083023547400604
0.0798165514222397 4.379182966666667e-07 0.059410499490316404
0.05536759942490373 0.0008752371379599999 0.0347727522935779
221070.99473326563 221070.99473326563 221070.99473326563
202150.24209989753 202150.24209989753 202150.24209989753
278556.28610261605 278556.28610261605 278556.28610261605
0.12146523004043377 2.1433883246666667e-06 0.09894298674821567
0.053955920797400775 0.0016247292196939999 0.23356942915392365
0.08088670632908213 6.445606684000001e-06 0.43875455657492357
220860.30835881832 220860.30835881832 220860.30835881832
0.05880083721667646 0.0014278766266866666 0.4119293272171234
0.05816646928279682 0.0006785115489666665 0.3808764933741071
0.09035339667627225 2.364379450666667e-06 0.004613567787970396
0.1069765170729323 1.874616682e-05 0.29418967380224226
206997.91879034968 206997.91879034968 206997.91879034968
0.05769142956909948 0.0018089598351793343 2.3496432210112772e-05
0.0619691473602895 2.959034307e-05 0.0007544342507643798
0.06245662771821162 5.701607350999999e-05 0.2967503261977562
0.06080635183744672 0.0015844448782233326 0.478163588175331
247665.71525654136 247665.71525654136 247665.71525654136
0.09561086470009024 4.829756209333335e-08 0.025145728848115834
0.057510811062120894 0.0008074090546999999 0.00429199796126456
0.0537950588062065 0.0011437345771466664 0.34139524974515734
287958.49048589804 287958.49048589804 287958.49048589804
0.05268970797495505 0.00025079054999999995 0.25457875637105065
0.053170323458457625 0.000539344856 0.38156858307849184
0.0792454794671595 3.770945e-06 0.3383279408766571
8771992791029.562 8771992791029.562 8771992791029.562
207604.15392456655 207604.15392456655 207604.15392456655
0.05139268128222725 0.0014112758181263332 0.23170829765545298
1.7976931348623157e+308 1.7976931348623157e+308 1.7976931348623157e+308
0.07631324872023473 0.00010964298413333336 0.0005677166156989877
0.05181131012371505 0.0010000778631173329 0.18471763506625738
0.06026032159440042 0.00011444693074666665 0.43633246687054017
0.09091023913304333 8.526277766333336e-07 0.039805158002037544
0.06253429307544511 0.0007541720941666668 0.33566387359836947
0.08461057804767887 8.16398265e-07 0.431939327217125
0.10226466122866736 2.2364891109999996e-07 0.049919123343526994
0.053490357199692376 0.0012320157991503333 0.40717241590213904
0.05725854233157416 0.0017241803721133335 0.451340336391437
0.08013313859480911 2.8883805215e-06 0.1914463914373088
0.06001412023147741 0.0004277570312833332 0.46387156982670685
232575.3525314308 232575.3525314308 232575.3525314308
0.07023194115081954 0.0009475827759 0.26641221202854215
0.05385094525359724 0.0005453738003333333 0.4636675025484198
0.06220700519020083 0.00011732261314 0.2687572273190626
0.0898074562172162 6.275851673333333e-07 0.16821522935779676
0.09443375093941504 2.4475059433333332e-06 0.19101994903160113
0.08047570746452148 8.593994294533331e-05 0.036119225280326184
0.06155683778220589 1.4637441520000001e-05 0.07802122324158933
0.05687409931241512 0.0003047040466666666 0.13473954128440413
0.05265728807879836 0.0016701336132666667 0.24197430173292478
0.10165934589681802 1.7793073666666667e-05 0.2858051783893978
0.07341939134381395 0.0010504497207609665 0.10394328236493378
0.37467420795075096 0.5974924426599733 0.100992589194699
0.4174395921354096 0.3424669855796001 0.015362986748215235
0.09008863949864646 5.736610333333332e-06 0.3719140163098871
218939.84029901458 218939.84029901458 218939.84029901458
0.09635980376887164 1.1215124793333333e-06 0.04702670744138571
0.0787866486671164 7.583257541333332e-05 0.0004893476044847134
0.09867900373623265 2.3592903006666657e-07 0.033866687054025846
0.057730936676418335 3.6314342093333334e-05 0.017427206931702077
313827.9561671766 313827.9561671766 313827.9561671766
0.07592334076646301 3.002145253333332e-07 0.2420902446483173
0.05115593142700599 0.0015019247751999996 0.4326338022426093
0.05593884282149001 0.00016042035200000002 0.08686798165137644
0.05569853423074611 0.00048351212107333334 0.4785684607543321
0.05625976534935076 0.0007627319213333334 0.14358758409785954
0.05187711417094172 0.0004747835499999999 0.47985697247706494
0.054366615545424324 0.0009767033882333333 0.24499911314984724
0.0554255033529664 0.001002061913059 0.05550026503567773
0.05786743132021258 0.0006449520072933332 0.059985484199796435
0.10167131242086383 3.3052504066666664e-07 0.04503179408766611
0.08336533844906327 1.2316132403333335e-06 0.32335766564729873
0.09091108649434054 4.7052802833333315e-07 0.13283622833843056
0.11242781511658517 7.404334139333332e-07 0.14160608562691301
0.052156040244966374 0.0014663816559799998 0.25694798165137556
0.068454724073382 4.839507051666665e-06 0.15625594291539313
0.09523300446986127 1.5950312556666666e-05 0.4578961977573912
0.10479632883113313 2.2913821900000002e-07 0.016977777777778424
0.053455551157980244 0.0003215411076666666 0.4125672884811413
0.09228023287023623 2.5031475833333327e-07 0.4561128848114171
0.09379778322377966 1.0703613333333337e-06 0.1970621406727826
270091.2886510363 270091.2886510363 270091.2886510363
0.08080987406490232 3.69434716e-07 0.10638893985729059
0.06919508496203464 0.0014775883710500001 0.040326992864425204
0.05404099607220229 0.0009702439094000003 0.004800193679918241
0.05787536200436112 3.5628003333333336e-05 0.0839131702344531
0.06434130227955906 0.00019762578300666669 0.27565979612640046
0.05529950919456109 0.0016379601742449999 0.16681199796126434
0.08756488484640351 2.8081114600000007e-07 0.15128096839959193
0.06401215187262806 0.00029281812589 0.3427641080530073
0.05943060116770456 0.003479354872 0.15487264016310043
0.055691120362339135 0.002146045125666666 0.39459358817533063
288234.2720013591 288234.2720013591 288234.2720013591
0.05433894610097996 0.0012309141515666668 0.47253392456676746
0.0827429803543207 3.134087536666666e-07 0.476997125382264
389227.5441726132 389227.5441726132 389227.5441726132
0.07042371399391203 1.2469342026666667e-06 0.2519017533129464
0.0566459068837198 0.0005218300652666666 0.006236656472988322
0.06380619455299799 0.0032265230372000003 0.223077838939858
0.056754213828660374 0.00115163546 0.2894104689092778
268274.6729527692 268274.6729527692 268274.6729527692
0.060551603913999455 0.00047831033265333334 0.4601217431192657
0.3858364918903554 0.20390612301960329 0.05585097859327215
204955.60227658815 204955.60227658815 204955.60227658815
314712.94597349677 314712.94597349677 314712.94597349677
0.054888727746238944 0.0008982350942666666 0.13590340468909234
221154.06472986733 221154.06472986733 221154.06472986733
0.06136857199772864 0.000964028131693333 0.0958132721712528
265710.72884811455 265710.72884811455 265710.72884811455
0.06992690743859083 1.5699293833333326e-06 0.13678463812436314
0.061716646236322406 0.0008064170207133333 0.2526951172273204
0.05500036855613943 0.0005893775558 0.4421650254842002
0.05702414245678518 0.0022647714673333322 0.16681198776758555
0.4036233892779489 0.2858034407330856 0.08466745158002009
0.05150821589329561 0.0011411537233333336 0.3483905810397565
0.055418903572412526 0.00046459612935666655 0.0028208460754335363
0.06078156495244206 0.0004444306131720001 0.396877288481142
0.05558171178868998 0.0020203527785666664 0.18982470948012375
0.05781175199321209 0.001731382392983333 0.021713374108052186
293779.9821610604 293779.9821610604 293779.9821610604
0.06710140548938218 0.0010725802184966668 0.1931743221202864
0.11133636913888426 3.2544104313333337e-07 0.014069133537207623
0.40655504263256526 0.34582268159981905 0.23540175331294622
0.058752764769971814 0.0002898652123333333 0.009005535168194356
0.06637740087336373 1.6834389933333332e-05 0.27008544342507745
0.06157140015067504 3.3577924000000002e-06 0.07432018348623703
200966.70064559995 200966.70064559995 200966.70064559995
223355.32619775768 223355.32619775768 223355.32619775768
0.05899535373848026 0.00011938148066666668 0.3094209480122334
0.06465152702501789 0.00029857331731533346 0.21742042813455686
0.07906787768528714 0.0002769532255 0.094815871559633
0.060646144202567455 0.0003096672643 0.43953988786952225
0.055638453160580574 0.0009737752396666668 0.023733200815493127
422090.3754672103 422090.3754672103 422090.3754672103
0.07309233262576853 1.4402969666666664e-06 0.2698698878695214
0.050907202421562214 0.0014462942085333328 0.42370455657492423
0.05569416008992926 0.0025242275429999995 0.11433709480122456
281649258295531.75 281649258295531.75 281649258295531.75
0.058588083849935337 0.0001860301533333333 0.354363282364933
0.05499163741921801 0.00047137931446000005 0.43233732925586166
0.09882386524341816 7.543472533333335e-07 0.05684485219164204
0.05517388076331815 0.0002120896272133333 0.4523333129459739
274593.87529731495 274593.87529731495 274593.87529731495
0.12135693860955961 2.0363449999999997e-07 0.3667394393476049
216225.40349983054 216225.40349983054 216225.40349983054
200802.44223581278 200802.44223581278 200802.44223581278
0.0583299676907361 0.0017959543733666666 0.0003460754332307303
244616.70489296629 244616.70489296629 244616.70489296629
247477.82449881083 247477.82449881083 247477.82449881083
0.05286669916313202 0.0007337901496666668 0.11395132517838968
212712.60618416598 212712.60618416598 212712.60618416598
0.06205381451778213 0.00020388557606999997 0.349966697247706
202194.63557594296 202194.63557594296 202194.63557594296
0.06596494507963298 0.0002666539243166668 0.11228512742099817
0.05256973018498893 0.0010342032201233334 0.16822622833843148
0.055897533137488124 8.128911058333332e-05 0.27324406727828654
0.08978560633540336 1.971254257e-05 0.17343756371050034
0.05521300189668254 0.0022684746173813317 0.21009092762487303
0.053354369715528684 0.0011507828536666662 0.05187991845056317
0.07197008471383617 0.00010180567229333333 0.048602018348623766
0.058574662494493314 0.0009762485806300002 0.07822822629969428
0.08423643964395125 1.9268579566666663e-06 0.010554322120285509
292318.13200815493 292318.13200815493 292318.13200815493
0.06808617419924126 1.2610112833333335e-06 0.0504025586136585
0.05381225235945141 0.0011128563080000002 0.02552282364933811
0.08699737131969597 0.0002154124796306667 0.1475786952089697
0.06958489049123429 1.7270843613333332e-06 0.15198586136595438
0.113611681715426 4.207273003566667e-07 0.030682742099898963
0.054713261109166224 0.0012354541825999993 0.04714699286442414
0.377569969010059 0.2225981933753333 0.012920234454636859
0.07885378394855228 4.7261493272999995e-05 0.4050689194699282
293010.8010533469 293010.8010533469 293010.8010533469
0.07499271742880989 6.521138026666666e-05 0.051538837920489744
0.10268913160514372 3.2120150000000003e-07 0.06307410805300773
0.05458292966364664 0.0006283330004666664 0.0681865545361866
0.05836267313359973 0.0009348513747110001 0.16974505606523804
0.05907514389975513 0.001541965029866666 0.08328014271151929
0.08690896116417293 1.7724036459999998e-07 0.18338816513761502
256088.6722731901 256088.6722731901 256088.6722731901
0.05993294989143212 0.0009101501366666661 0.07858385321100858
0.0538759862872522 0.00040064932933333333 0.09530070336391372
0.08643987951628165 9.448577750499999e-05 0.006661885830783643
0.05221265964886738 0.0012388565245559998 0.07190898063200857
0.0635183551728948 0.0001909572087666667 0.002659327217124474
0.06333933122411091 0.00037591298210333334 0.3022401529051977
0.05384377254371889 0.00013911504980000002 0.07330980632008144
0.05928602335490232 0.0004989619886666665 0.024310020387359188
0.10312126325849327 4.929420666666666e-07 0.09635597349643188
0.051087913363684526 0.0017266561829666666 0.2153302854230379
0.05248673541556025 0.0007224744729999998 0.4037850560652396
0.09475582988583967 3.955373666666666e-07 0.09217253822629967
0.05630476294561651 0.0006092530029233333 0.13384833843017585
0.0515323856033993 0.0015445515563 0.4343801936799183
0.3976307517647113 0.3002993493837839 0.24627257900101895
0.41521663496268435 0.694871086047547 0.0975155147808362
0.10134396221885836 1.9695959226666666e-06 0.009606860346586643
0.09060364927586462 1.8395719713333337e-07 0.1815130377166163
0.06259408844206918 0.0017223794926999995 0.00023385321100910517
0.08110752902224752 1.3439417e-06 0.3877803669724762
0.054560789840457195 0.002577688752909 0.45701923547400725
0.05643446233230982 0.0006511632069466665 0.28487834862385286
0.05407924251266272 0.0009108435099899997 0.1218061365953127
0.060069563886527136 0.001966973842666667 0.21796618756371
0.05705711881869849 0.0012701841515 0.3811305402650347
0.05809225545529402 0.0022043369623333327 0.09043180428134567
0.050957798736348536 0.0008071603279999998 0.47151086646279206
0.0548020656975308 0.0013131746036333326 0.3965209072375129
0.0656793989562671 7.456855566666666e-06 0.05685987767584111
0.060604034533911236 0.0017738189990000003 0.005221335372068481
0.05769142956909948 0.0018089598351793343 2.3496432210112772e-05
0.060655954025584914 0.0010791972210100003 0.03720585117227193
0.05620924076595012 0.0017887143754723343 0.4709855963302747
0.0602966475325903 0.00012332052066666671 0.18367697247706394
0.05362285318269214 0.0006231268728333332 0.06821593272171267
0.05500342020156697 0.0002618024032333333 0.2929460244648321
0.0534120823489083 0.0006185430831999998 0.2597658613659535
0.08950319262893036 4.711348826666667e-06 0.21258441386340454
0.10419927954917736 1.0236106785666664e-05 0.008313679918450667
0.1079015575464658 2.604069170999999e-07 0.09259397553516724
0.0604387200151576 0.0018700415554749998 0.002408776758410003
0.09541193508931661 5.660159333333331e-07 0.07501581039755445
0.0596827849816061 0.0021358862323869994 0.21289964322120403
0.057519878657586 0.00163420586723 0.3960108053007172
0.06944863639735824 1.3677258663333335e-05 0.09520388379204903
0.09383154537094769 2.5392026666666665e-07 0.02695531090723824
0.05516902996820398 0.000890805793946667 0.012805372069317311
0.06996257056484385 3.062352481333333e-05 0.4405237512742086
0.05837632817084237 0.0013012317939573332 0.3313576248725809
0.11758455497121403 4.869731133333334e-07 0.29870857288481023
0.0510970058322386 0.0013940669269333337 0.40462245667685925
0.0982436073182952 2.1397686799999996e-07 0.014609561671763416
0.05110074906843061 0.0008506040982666665 0.4085194597349644
0.09883882712270027 2.2282108356666667e-07 0.03089797145769646
278554.9991505267 278554.9991505267 278554.9991505267
0.07373441565689783 0.00015723271105933328 0.2496147298674818
0.06538493201208839 0.00023391394629599998 0.23032596330275235
200882.69622833809 200882.69622833809 200882.69622833809
291470.0730547064 291470.0730547064 291470.0730547064
0.055524948883893914 0.0013948651419999996 0.19354507645259922
408066.5392456679 408066.5392456679 408066.5392456679
0.05304265399353695 0.0005330987322966665 0.3770647604485222
0.11057128523529294 9.875452399999999e-07 0.009322813455656664
0.07045743001370426 0.0003807075970011666 0.02016661569826761
0.054278707053434586 0.00016569065966666664 0.12758615698267128
0.05573225611866624 0.001844744682929 0.0010827726809381488
0.37202123148040206 0.32328408265682335 0.2132464016309883
0.0541357737676913 0.00029946832542866665 0.3495242915392476
0.10303238486331989 2.488174133333333e-06 0.1682073190621809
0.05294734887581516 0.0006644055779216665 0.38589676860346644
0.0954716575965926 1.4786185570666666e-06 0.06673670744138605
218084.11484879398 218084.11484879398 218084.11484879398
0.06175707334523487 3.380869956666667e-06 0.43476906218144773
0.05187711417094172 0.0004747835499999999 0.47985697247706494
0.0857336050741578 2.220686691e-05 0.2992970132517825
0.09615635557689264 2.432610653333333e-07 0.17877113149847013
0.06222970638637022 0.0007289820721366665 0.2886527420998992
0.0944771171507866 0.000127156891725 0.3653887665647302
0.0888608977308238 3.674192266666665e-06 0.04750038735983653
305157.13557594246 305157.13557594246 305157.13557594246
0.05343036831330379 0.0005857092536666666 0.05117417940876745
0.06812679646117488 6.513654666666665e-05 0.37414837920489274
0.06718631983504504 9.67644318333333e-07 0.0864695005096845
0.09309040939559371 1.7823814819999998e-08 0.07058314984709524
0.06101311946009842 0.0005252155796666667 0.3270996024464825
227210.3890587831 227210.3890587831 227210.3890587831
203974.76639483526 203974.76639483526 203974.76639483526
0.07366601401067677 1.1024603840000003e-06 0.010370948012233594
0.05823968062098998 5.8855236666666656e-05 0.07743566768603438
391844.0664288143 391844.0664288143 391844.0664288143
0.0815071140707337 2.132838666666666e-07 0.18249929663608544
334645.2726809381 334645.2726809381 334645.2726809381
214778.07084607537 214778.07084607537 214778.07084607537
0.05095784264840145 0.0008850487038666665 0.32799180428134544
264490.6303092083 264490.6303092083 264490.6303092083
0.057244756298862755 0.0001292574977346667 0.23736187563710498
0.05317924743679266 0.0016127734908266667 0.13525768603465815
0.1292032428341813 2.8525243266666663e-06 0.42272853211009087
0.05091263902762458 0.00100472791068 0.17842954128440347
0.051596039578230404 0.0020866062103133323 0.46473191641182465
225316.3183826028 225316.3183826028 225316.3183826028
0.08770043023382133 8.475854959999999e-06 0.0817468501529044
0.0540920489097505 0.0014890400831000003 0.45756901121304727
0.06133758026370546 0.00036986901907999994 0.4496920081549436
0.08217147141062422 5.550178834000001e-06 0.1204019367991842
0.11044899926555232 6.225662333333334e-07 0.14375333333333362
0.0637353809864517 0.00020420224325333334 0.04047047910295554
0.10600663073618088 2.7348626666666665e-07 0.01865299694189737
0.05285637376276327 0.00073795423738 0.2198709887869521
0.055061504703594014 0.00043181492961999994 0.4402203873598367
0.07773850808110767 0.0003279514761700001 0.16494173292558623
0.05769284798512653 0.00013965371288666666 0.15148541284403727
0.05338401229170886 0.00035078644066666663 0.1895180937818548
0.05978973362533016 0.00017283659198699997 0.22117290519877653
0.10190407067776336 1.4003384835666668e-05 0.0240457288481144
0.051641443071336404 0.0016921133267333336 0.20759034658511677
368120.37886510394 368120.37886510394 368120.37886510394
0.09517554622959323 6.818788783333333e-07 0.020696544342509338
0.05670588487436941 0.001190738682133333 0.059350540265034724
0.05184516026959011 0.0006282169787533334 0.36925702344546085
0.05572395945699467 0.0006667194955466667 0.032191692150866924
0.0773595524165405 0.00014769639866999998 0.40832257900101987
0.06660045056237654 0.00045983180293333317 0.014616921508665115
0.05577754591438677 0.00028113635716 0.3567725382262985
0.05800236821677229 3.135922776666666e-05 0.0191344750254836
0.08382556955530414 2.7379540999999985e-06 0.3703812538226292
0.08400657132311742 5.591005999999999e-06 0.3644539449541284
0.059386623414223474 0.0013648399646333331 0.03071324159021449
0.07705686119585944 0.00024743576270099996 0.3106939857288489
0.051410414216470524 0.0013995841342666667 0.389005494393476
0.05615278017295269 0.0005728046648100001 0.012387420998980492
0.10279015940443875 4.022384600666666e-06 0.3018566360856263
272560.4825008494 272560.4825008494 272560.4825008494
0.056017421952304816 0.0010431389899999998 0.2141969520897038
0.37695164726440505 0.23729349636239666 0.33534440366972573
0.06156233651360813 0.0011658892641566668 0.19437996941896074
0.08510409536185684 2.564215799999999e-07 0.39651451580020325
0.05471466807645897 0.0008972517581333333 0.10090288481141663
201711.66326877332 201711.66326877332 201711.66326877332
0.06835582453731728 0.0004082673319000001 0.41041250764526116
0.05848574652915724 0.00021481569014333336 0.08041607543323126
0.05417749211791656 0.0024075898703333327 0.17375708460754336
0.05563563612366447 0.0009269877396666667 0.08232648318042646
0.05993610600611683 7.487597872666666e-05 0.4719844852191639
0.06605014667958223 5.036559813000001e-06 0.14828073394495345
0.4160399749068707 0.37707502018266925 0.017937512742099315
0.06320340040476738 0.0003406048054046667 0.1281217737003053
0.05823417180928747 0.0001732602217833333 0.24303493374108331
219583.31209650007 219583.31209650007 219583.31209650007
334384.5141012574 334384.5141012574 334384.5141012574
0.05210858642083101 0.0009963902366000004 0.34467513761467794
0.05883913952400336 0.0008859890924433335 0.29374542303771634
0.0631916722178211 0.0001769672105833333 0.3983198470948013
0.06015389505275093 0.0006369671613506667 0.14085751274210034
222361.60805300687 222361.60805300687 222361.60805300687
0.05114480306955737 0.0013584105635000006 0.4039386646279288
0.05651638351761708 0.0009076434349866664 0.0866025382262996
0.08616610055473145 2.8987672544e-05 0.2516330682976564
0.056968636233592385 0.0012930476316500004 0.3774158307849147
205261.63353720726 205261.63353720726 205261.63353720726
0.0707669785067544 6.78788598533333e-06 0.09760164118246673
0.09434473458516242 1.8059705906666662e-07 0.13915406727828694
201244.7587495747 201244.7587495747 201244.7587495747
256281.2861026158 256281.2861026158 256281.2861026158
0.05637623039178589 0.0020864223376666664 0.021268012232416034
0.06100012269294959 8.522912935766666e-05 0.2799473088685023
0.054978183870508235 0.0029084709291848664 0.34185032619775546
280024.69843696896 280024.69843696896 280024.69843696896
0.08868783448079805 6.13515256e-07 0.3243319673802252
0.07681335625043324 0.00021809797506666667 0.38066689092762473
0.07941738163383188 4.347479353333334e-05 0.14355553516819652
0.0941939092216856 1.772342588666666e-06 0.1315899592252805
0.09798765308625622 3.3459552983333317e-07 0.018540377166154975
0.1035327313539817 2.3974328039333334e-07 0.010834882772681187
0.06781798171640858 6.814754116666668e-05 0.10448755351681882
0.0936932246088867 2.17546026e-06 0.31686696228338374
229991.1697247703 229991.1697247703 229991.1697247703
0.058146805848320805 0.0017826021262999999 0.045099459734963876
211098.14814814908 211098.14814814908 211098.14814814908
0.06505143041247381 0.0007743729805333334 0.10698357798165192
0.08141192629992185 7.914499296666666e-07 0.148527247706423
0.37684678477003786 0.38122293314000005 0.0539103975535169
0.06791828750493348 0.0006741825593833332 0.016061630988786213
0.09437629860120636 3.7402564166666664e-07 0.41027297655453543
0.05593235713920415 0.0010407471642233331 0.041643649337409716
0.05828920724915865 0.0015887865103139996 0.02392870540264891
0.09051569184545596 5.147099299999998e-07 0.3149883792048933
0.06648652878761352 0.0003513589818503332 0.10479460754332237
0.41340076516348073 0.23149645287610332 0.056969011213048315
0.06200972250943826 3.341601673666665e-05 0.3067021916411812
0.05427501133125508 0.0003661366363666666 0.23101817533129498
0.07170687835230552 0.0005844137211213333 0.04753132517838843
0.09061028996815862 4.7043510333333324e-07 0.13242705402650357
0.052082491784647446 0.0011527815533433335 0.17123037716615697
207927.6758409787 207927.6758409787 207927.6758409787
0.06898114496567216 0.0006859703640000001 0.4084688786952102
0.06053888799234667 0.0005569423715953334 0.2734963506625885
0.05496744298251847 0.00029828328179733334 0.47005262996941877
0.06701990334987758 2.9257168966666663e-06 0.19356898063200845
0.06598472139638219 3.944068583333333e-05 0.1438328644240583
252318.25518178687 252318.25518178687 252318.25518178687
0.07031478769680233 2.3394214962999996e-05 0.10254428134556681
308461.98182127037 308461.98182127037 308461.98182127037
0.05604979062999152 0.0003019107073333333 0.2906969113149831
0.06950362718435739 0.0002456812562666666 0.41598954128440213
0.05131045756318382 0.0013913328793333337 0.405011702344547
0.05761171112382238 0.0006467436928333334 0.11325932721712695
0.07463539410198423 5.412885939999999e-07 0.4024318246687044
0.08538720430286317 4.73923928e-07 0.3541004689092766
0.050732292565447645 0.0007630791136666666 0.4512964933741075
0.3495712633839976 0.002373299143472333 0.4635460550458719
0.0978448575079513 3.6748046836666663e-06 0.14586911314984663
0.10530262943615235 4.7017891686666676e-06 0.05887118246687084
0.05519712057052439 0.0006093426700000002 0.4640076656472978
0.41415082534840175 0.324534985179096 0.015857584097859423
248135.5462113495 248135.5462113495 248135.5462113495
0.05696403749945078 0.0016319570476999998 0.054310560652396145
0.0552591105169549 0.0007704000649666666 0.1923780326197746
0.07438017386608467 0.00021797901530000002 0.3843372273190617
209793.74787631643 209793.74787631643 209793.74787631643
0.05950667996471525 0.0005947150297366667 0.11907550458715432
0.059987572789474454 0.00033341084443666666 0.29049817533129474
0.0698100558180923 3.2119068963333334e-06 0.07397283384301634
0.08091526744292632 4.097786433333333e-07 0.11380457696228374
234117.2018348623 234117.2018348623 234117.2018348623
0.05908783524683914 0.00025820613433333333 0.07603681957186614
0.3708060617182613 0.22570448266850862 0.3401359123343535
0.051280598805711376 0.0007665245096666667 0.47992879714577086
0.08572338695593146 2.747218767666667e-06 0.37798260958205887
0.05476276219988466 0.0013663607501333335 0.44883649337410825
0.05622703329779129 0.002243265282333333 0.10757198776758381
0.054907116510277534 0.0002447582043333333 0.19429881753313083
0.05145860973192935 0.0007396499004299999 0.4125807951070337
0.05821876385491076 0.00031812422556666667 0.4171556676860342
0.05768161205375957 0.0015734257318603334 0.060650173292558396
0.09476566350333973 7.271511133e-06 0.059288430173292994
495444.7332653753 495444.7332653753 495444.7332653753
0.06399402934187944 0.001634879523136666 0.2142193985728844
0.0678507743536313 0.000746628292 0.3267644240570844
0.08129091156623128 0.0007739994326133332 0.2795574719673799
0.06270794084578182 0.0017362960096666666 0.054709255861365325
258949.11654774012 258949.11654774012 258949.11654774012
0.05878983638542601 0.00013230952970000003 0.17498674821610605
0.08702364577052246 2.950578693333333e-07 0.03401051987767678
0.3914437553481462 0.33690090230578995 0.0608065239551463
0.055743543774959194 0.0017425634913076666 0.06541049949031574
0.052965613569667225 0.0002981398563333333 0.40476712538226245
0.053267770183376466 0.001015433967333333 0.275378053007135
0.050615164600059694 0.0007649418843333333 0.47628311926605704
0.050691798341569366 0.0007621564546666669 0.4752803771661549
0.05417273953695334 0.000621776889 0.3219884301732918
0.09941908885640534 3.666582849999999e-06 0.1192135677879711
0.40347914773838495 0.49391434911497756 0.11059235474006046
1.7976931348623157e+308 1.7976931348623157e+308 1.7976931348623157e+308
0.3727699689379352 0.37731632984065666 0.4046088888888888
319359.87088005466 319359.87088005466 319359.87088005466
0.0889912022290243 4.9442354774e-06 0.2543143832823662
0.05372031144165179 0.00018695808356666664 0.39828090723751286
0.05695912374711087 0.0021971812636666665 0.4188270336391442
0.05190904199707909 0.0012468545703799997 0.23965912334352613
359941.8662928979 359941.8662928979 359941.8662928979
256637.3555895347 256637.3555895347 256637.3555895347
0.4001134335438432 0.5595795117875301 0.013271192660550657
0.07650954809685435 4.425315996666667e-07 0.24658659531090787
0.09261682224365755 4.930091076666667e-07 0.12880278287461744
0.06230338314735587 0.0018744975603333324 0.3343009683995919
0.06238265483275825 0.00019908750333333337 0.40719392456676884
0.05451857327724244 0.00042803717043333333 0.4000628032619784
0.06692217588966176 0.0005233326930566666 0.06222530071355781
0.05062947557660569 0.000746173082 0.4736773394495426
0.0587712058154195 0.001213678270519 0.3789543934760444
0.05829896272388971 0.0007299181937233334 0.11524644240570847
280538.914373089 280538.914373089 280538.914373089
0.06469711548864013 4.174369979333333e-05 0.3828886952089703
0.05563424450638406 0.00015949094200000004 0.1342213047910299
220887.5976894319 220887.5976894319 220887.5976894319
0.062494714264963 0.00017755249309666664 0.24137323139653333
0.05206689719539059 0.0012301517656666662 0.2520185524974492
0.057396365922787886 0.0015214803794499998 0.19285511722732052
348777.3063200814 348777.3063200814 348777.3063200814
0.06505576036655154 0.00018378938846666667 0.22507047910295785
0.055082201910535214 0.0004124894126366668 0.35392313965341504
0.05314391695415879 0.0006470154313066665 0.0598549337410792
0.06429886848019631 1.04895782e-05 0.05774861365953088
0.09200099047771929 1.5933033843333334e-08 0.2276130784913355
0.06518706665963472 4.861944835e-05 0.07223524974515838
0.43187747354333794 0.17699463570358265 0.05194991845056052
0.07109400835634441 4.047872760333333e-06 0.020771529051986537
0.10871287576983125 8.864690833333332e-07 0.03755328236493316
0.059537290137781154 0.0002623662842333333 0.05612896024465064
0.053132062369145285 0.0013632283264 0.4060019266055046
0.06323513515014345 0.001431176463788333 0.15512808358817498
298580.1817872911 298580.1817872911 298580.1817872911
369897.47281685314 369897.47281685314 369897.47281685314
0.06760224819409091 5.707903645366668e-05 0.4755097961264023
0.06171776185383038 0.0018154104572999997 0.0608074108053005
0.05809873983544844 0.0009163760134666668 0.014767798165137958
247482.20353380867 247482.20353380867 247482.20353380867
0.07222313759191423 7.902259499999998e-06 0.2517121712538235
250627.67584097802 250627.67584097802 250627.67584097802
0.08538588238981848 1.563344233333333e-06 0.06103930682976566
0.06100427130832849 0.0007381150949433333 0.3714340366972473
0.071217905696812 0.00026617737649999994 0.24771029561671698
0.057669623709927155 0.00015368597494999997 0.4503033537206944
0.0619633211623745 0.0014948507843013336 0.1560910703363918
211179.2473666325 211179.2473666325 211179.2473666325
0.05699117759173267 0.0022850896106666662 0.1975203465851174
220247.4430852872 220247.4430852872 220247.4430852872
0.058395756844010285 0.00081222015713 0.033736116207951916
0.0601795081290637 0.00022339507843333338 0.27078982670743956
0.05699867641742169 0.00024816511613 0.26537470948012354
0.05303799305191237 0.0010195389546666666 0.35381777777777756
0.0529461139671451 0.0014031102666666672 0.05588419979612702
0.07435702078053733 3.577664789999999e-06 0.2766244750254847
0.07775046497686033 1.0397151999999996e-05 0.12907309887869456
0.09856612695770764 1.8609709993333333e-06 0.06742096839959277
0.0556272228124226 0.001614837514066667 0.032939867482163265
0.06125294957585148 0.00027127768356666665 0.14902987767584008
0.10012198595546946 9.517470920333332e-06 0.005960764525994033
0.06054510303258531 0.001098844399 0.23053153924566638
0.08393618061595182 3.448534090000001e-07 0.16014298674821603
0.12114563126439755 6.936005666666668e-07 0.3000802242609586
0.10657204783440494 5.527712103333334e-07 0.1405155759429162
0.058657204298783544 0.00021704534066666674 0.33695438328236493
0.06822057336051116 2.636058919999999e-06 0.04518500509683854
0.060431148112601085 0.00027574931583333333 0.03980370030580982
0.10604834856728226 6.018230293333334e-06 0.11078323139653534
0.08570670599850597 3.1812737083333336e-06 0.3521765239551473
226700.37376826358 226700.37376826358 226700.37376826358
0.05880624269857944 0.00029657225166666667 0.05586834862385537
0.05861174500161011 0.0016213777555446668 0.04014738022426023
9329955681999.66 9329955681999.66 9329955681999.66
0.08407495446550406 2.683460304333333e-05 0.011649561671764008
0.09275561411075828 6.474216003333332e-07 0.02898528032619918
251723.56439007816 251723.56439007816 251723.56439007816
0.41849477088743875 0.5350837863626879 0.020863343527012468
0.11480834710251615 5.877172273333333e-08 0.14286903160040731
0.06722866459906873 0.0006260248478900003 0.1839283180428133
0.06092805609817194 0.0004115659525536666 0.3181467074413864
0.055173538853410656 0.0009245495933333334 0.32762107033639376
0.08513868979648072 3.690479496e-06 0.07085993883792119
0.06463711419032987 3.0668826818166665e-05 0.2031147706422023
0.09995154305377507 6.66013732e-07 0.043165096839960615
318536.1281005776 318536.1281005776 318536.1281005776
207189.7256201156 207189.7256201156 207189.7256201156
435616.47553516837 435616.47553516837 435616.47553516837
0.05605345567212561 0.0020674527740000004 0.04655613659531044
1.7976931348623157e+308 1.7976931348623157e+308 1.7976931348623157e+308
283258.00203873584 283258.00203873584 283258.00203873584
315408.84301732964 315408.84301732964 315408.84301732964
272843.7011552833 272843.7011552833 272843.7011552833
306009.6415222562 306009.6415222562 306009.6415222562
0.05494772736566207 0.0018027172752300002 0.38698920489296595
336743.0385660891 336743.0385660891 336743.0385660891
0.08202920935621644 4.1173103666666665e-07 0.424169153924566
0.07978933639524484 0.0005704990367266668 0.16936095820591346
0.3991061802757962 0.2897371121853533 0.26446760448521944
0.11505276024688862 1.4980494089999997e-06 0.1482690112130478
0.05224052649081341 0.0014284581297416665 0.39707913353720636
0.05756596312914918 0.002195602491 0.020047400611619803
0.06397477871929227 5.678604846233332e-05 0.24367175331294755
0.08577838279227275 1.724700782866666e-05 0.23093487257900058
0.4219175519639655 0.005444414678446001 0.056910978593271544
0.06577738995993276 9.355793366666666e-05 0.1363967991845052
0.06046978294388686 0.0004325099247000001 0.30245767584097916
0.05321460444438182 0.0007041467833999999 0.1558262181447514
223669.406218145 223669.406218145 223669.406218145
0.07819968602831968 7.65433426e-07 0.18937951070336334
0.052193183122095976 0.001594756926226666 0.40595104994903286
0.05085076120261456 0.0006486489880000001 0.47094408766564877
223258.3333333339 223258.3333333339 223258.3333333339
0.058571311308708296 0.0007860249928699999 0.04858348623853326
0.0993371188836161 2.697894335666667e-06 0.01730043832823691
0.4003957562800237 0.48350418651129606 0.0501062181447498
0.3895736859222103 0.20890079010468565 0.4077885728848112
0.065547253535105 0.0016621171136279997 0.11755868501529099
0.06709803548588036 0.0016406902566786662 0.12152984709480297
237267.24006116152 237267.24006116152 237267.24006116152
203728.45310907194 203728.45310907194 203728.45310907194
0.060923014122533495 0.0012277347146566666 0.028548980632007392
0.056004090129352736 0.0001440437927333333 0.361359663608563
0.08000413677437382 6.715336272666667e-06 0.06264119266054946
0.08851423739995337 3.9746654033333316e-07 0.20460605504587281
212741.35660890225 212741.35660890225 212741.35660890225
341616.6624193 341616.6624193 341616.6624193
280936.6123003738 280936.6123003738 280936.6123003738
0.051291324938584196 0.0015444414332915998 0.2620445158002038
267989.69588854903 267989.69588854903 267989.69588854903
241830.61077132152 241830.61077132152 241830.61077132152
0.05511004881825228 0.00019708997999999994 0.07964917431192653
0.055647146291719296 0.0008122247936666665 0.03626964322120152
0.05397701803185161 0.000528398836266 0.2278774413863398
0.058928439283201385 0.0002684454147333333 0.12939395514780827
0.08589986236687118 2.244574333333334e-07 0.35480401630988867
202370.63370710096 202370.63370710096 202370.63370710096
0.054538866920641395 0.0001452866433333333 0.1794516717635064
0.06008469570923916 7.242000856666666e-05 0.26488067278287586
241156.59616038075 241156.59616038075 241156.59616038075
0.08720031036716291 2.9008986638766663e-05 0.1359167584097869
0.05672854213641594 0.0012729753792866672 0.42644693170234405
221589.9464831803 221589.9464831803 221589.9464831803
0.06032188770465962 0.00013548872882 0.2950016309887853
0.05597951417898413 0.00036219606223333325 0.44376265035677864
0.05127619007371364 0.0011112094086666669 0.3355568501529054
0.05460559907146145 0.0009265925714000004 0.06200640163098692
0.09752845866771026 2.828437713333334e-07 0.014383893985727703
0.10386026208794466 4.278079976666667e-07 0.008855739041791821
0.12042755882827133 3.4443791899999995e-07 0.24348793068297647
0.07427812108562255 3.9299742699999997e-07 0.4138337308868518
0.07838332487530478 1.7123698466666664e-05 0.14773449541284434
0.09162360926816045 2.854287333333333e-07 0.1070157900101929
0.06281147373328869 0.0008055526772533332 0.35798545361875656
0.059770872470945625 0.0004933589102199999 0.07480429153924639
231563.38345225924 231563.38345225924 231563.38345225924
0.05642353671951609 9.781729040000002e-05 0.13916365953109056
0.09417489162798356 3.0334402513333325e-06 0.12855996941896075
0.056961819265789096 0.0012907352023399995 0.15579542303771676
0.05934768451689753 0.0017560874644670002 0.004719469928641917
0.06009726882332589 8.194866263166667e-05 0.34749257900101993
0.055926839811107354 0.0010393097512666665 0.044464444444446194
0.060028392547585886 0.0006358516906666664 0.14740237512742072
0.05243751961355725 0.0013213898033333337 0.17586167176350642
0.06231587109158217 0.0017862029278666659 0.009848583078489348
0.3949396801033208 0.6015369537838189 0.026229082568807183
0.05309810260017015 0.0007289007746666665 0.44624233435270044
334807.72171253845 334807.72171253845 334807.72171253845
0.10593360899799238 2.4029228673333336e-07 0.02910275229357895
0.057870017852873115 1.7269696999999997e-05 0.16821543323139343
0.05366225730479538 0.00024861208249999994 0.15740351681957243
0.05782963422898594 0.0011060908227233331 0.3207641386340465
0.05253028360725172 0.00019429530800000003 0.07728136595311019
0.05117193363451407 0.0011729104903333333 0.3305647706422028
0.07531362585202883 1.5791030893333328e-06 0.12340813455657473
0.06263957225896546 0.00013924753183666662 0.24847122324159043
0.07637738793167288 0.0006047752429420001 0.07118787971457863
0.05728269630468133 0.0004958615923333332 0.26733570846075594
0.10135348019185444 2.69042705e-07 0.024444311926605344
0.10420067400737743 9.805182474166667e-05 0.3843165953109082
0.052213939019960624 0.0006905597307566665 0.37391450560652384
0.08429102694029636 3.1228481033333327e-07 0.0036862181447498976
0.056169325554327146 0.001513767253733333 0.36584730886850236
0.05314536963473915 0.0006794022539999998 0.2051370540265034
220405.82738701976 220405.82738701976 220405.82738701976
