0.05782769763127171 3.675867665000001e-05 0.02108812436289398
276146.7380224265 276146.7380224265 276146.7380224265
0.09551055023045099 1.1738903333333334e-06 0.0014287155963303988
0.05723442944164502 0.00024379687766666665 0.016653843017329084
0.05349617818635947 0.0007955645082973332 0.44557332313965325
0.055019481753261136 0.0012674244316099995 0.1425796330275242
252652.08545701668 252652.08545701668 252652.08545701668
0.05438365425181298 0.0005129639110933333 0.2518975229357787
231196.5851172275 231196.5851172275 231196.5851172275
0.05742135613173782 0.0008379309143333332 0.048883659531090196
0.061984427215250396 0.0015284235609799998 0.05094123343527013
0.0777549573781339 1.8932394066666665e-06 0.3947023241590215
0.07091883366089136 1.7107510843333327e-06 0.42827428134556444
0.05822248868525918 0.0004476911622 0.17137279306829845
0.059362525610429644 0.0010481812035220003 0.2603536595310927
216070.965001699 216070.965001699 216070.965001699
0.05732341080940406 0.00011004531290666665 0.27886490316003965
0.07369508303499113 8.857428326666666e-06 0.10321782874617869
0.05250222283255545 0.0007111587796666667 0.46718442405708505
0.08760291365835023 7.144219193333333e-06 0.0014146788990827552
0.079259443503764 5.143433699999999e-07 0.39796465851172425
0.0540469057486382 0.0003734139764666666 0.2987259531090718
0.08555595422117497 1.2885506006666664e-06 0.3701751580020378
0.059221148988695974 4.458946399999998e-05 0.0917323343527019
0.06473642514935232 0.00024513046110166676 0.1719228542303779
0.057111849088072465 0.0006384499177133334 0.15928241590214087
254048.15239551538 254048.15239551538 254048.15239551538
0.06980796218054067 9.69383495333333e-06 0.34594530071355845
0.08354204547707458 0.00036127895276666665 0.40137991845056087
0.07506453593584533 4.308333955666667e-06 0.31472437308868484
0.05769142956909948 0.0018089598351793343 2.3496432210112772e-05
0.05788690994827287 0.0015784723101666665 0.008151447502548592
221579.96517159327 221579.96517159327 221579.96517159327
0.07827993937977709 3.0339340129999995e-06 0.013944791029562698
0.059454177621727 0.0003867274656999999 0.30865839959225205
0.12278745667103282 2.902464333333333e-07 0.3174810295616717
0.06972715498194282 3.7529304233333333e-06 0.15934623853210939
0.0581060241611084 0.0018994282809999996 0.24746277268093797
0.0794190011389619 4.649158130000001e-06 0.3898513251783893
0.0534585157913013 0.0007487208379999999 0.33600491335371974
272088.7317363242 272088.7317363242 272088.7317363242
0.0827406173639917 1.8579517599999995e-07 0.348902823649337
0.05698844626242527 0.0025506088915333326 0.28546978593272243
0.05435406651944448 0.0010360875041433332 0.43082821610601396
0.06746952071109498 0.00017241018481333332 0.0020686544342507496
276235.329595651 276235.329595651 276235.329595651
0.0905678151178261 1.0539423333333336e-05 0.23891086646279147
0.053274041571871614 0.0019325114870333328 0.42804010193679964
0.0569452162110885 0.0006976399538533331 0.21564475025484198
0.06736545765543274 0.0009444576757133337 0.18897361875636998
0.0975171105520894 1.1707892e-06 0.0027503465851168585
0.10475273378222656 3.327990333333334e-07 0.1367706320081541
0.05507358874266606 0.001561309867666667 0.13780048929663824
0.05345161554335001 0.0019390800993999999 0.24066921508664718
0.05996181759411682 0.00038444938539333327 0.1253061569826701
0.054309737358952795 0.0010334226122799997 0.21003793068297494
0.058828845172541014 0.00018341601333333332 0.036036564729868825
0.06297319619798014 0.00016079848766666668 0.02966846075433116
0.056619961516285414 7.895219499999997e-05 0.08099088685015277
0.052855836159664195 0.0010077779732999997 0.27651114169214974
0.0645175422213499 0.00036923233466666655 0.01753283384301696
0.05830443046888896 0.0018135377740453337 0.4086988277268091
0.10295430260969474 3.923365426666667e-07 0.17984883792048878
0.05507762007793951 0.0010761498885333326 0.33321645259939014
0.05482906936654515 0.0009859348190133332 0.2765898674821612
0.06045719262496403 0.00015156615970533335 0.225809928644241
328838.2857628269 328838.2857628269 328838.2857628269
0.09732134371923627 4.30949699e-07 0.11134852191641276
0.08280245798467363 2.7061973486666668e-05 0.1328273496432213
0.05769142956909948 0.0018089598351793343 2.3496432210112772e-05
0.06681184951361951 0.001522412554466667 0.07923257900101977
0.06267825711386057 0.0001788373748966667 0.3518192558613662
0.05761590114682802 9.671388733333332e-05 0.10469831804281293
0.09297622504776382 9.234932866666665e-07 0.2585489806320078
0.05704193765537098 0.0007797619453333331 0.2399282772680933
0.06321676324848831 2.1960115363333327e-05 0.12245701325178393
0.07956501073447744 8.633408333333331e-06 0.4526056574923545
0.1008273079814288 1.9515714233333323e-06 0.03672351681957142
0.062345453185027634 5.5358359133333336e-05 0.002137604485219935
0.052246506962593364 0.00029666915000000005 0.43917505606524143
0.07747272461185412 8.361159720666668e-06 0.2420021712538234
0.0756219234737275 1.4535848233333328e-05 0.42495387359836867
0.05165825717317847 0.0007098126456033333 0.4553571151885829
0.07241104721358593 7.932581804333335e-05 0.05356633027523028
0.062490735242550215 9.301686666666665e-05 0.37594971457696325
0.05574136843562123 0.0023586551075333332 0.11266331294597265
0.0594753888803089 0.00023938698133999997 0.04595120285423038
0.07368936877756345 1.06116712e-05 0.305418950050969
0.062034260789042575 3.713439210999999e-05 0.0016424566768598048
0.06525285178315768 0.0007957565817400002 0.030164352701326003
0.056543658367813825 0.0011162834776666665 0.1045081651376143
0.08595574730372904 1.487968672e-06 0.23203456676860412
0.05604935466414551 0.0017500188159733335 0.04832525993883774
0.0658122754211425 0.00016932332564666665 0.1437374006116201
0.07972901504849164 1.5779038366666667e-06 0.23005316004077514
0.05769142956909948 0.0018089598351793343 2.3496432210112772e-05
0.08215502147482126 3.88008277e-06 0.10356056065239505
0.07903447216666726 4.898526966666666e-07 0.3946444444444439
0.05793590619253848 4.0931890403333325e-05 0.00287890927625023
0.05479070118176558 0.0004532856890433334 0.12498573904179278
0.07762758661800498 3.7950213800000016e-07 0.24661993883792022
0.05221633377712549 0.0007063777927033334 0.4672559327217134
0.06748528169831439 0.0007856457666666663 0.05820419979612668
0.056256701844802914 0.0004311866066666666 0.41507626911314954
0.08473370687684573 1.4416045510333334e-05 0.23860199796126347
0.05283082521319641 0.0016844542701799998 0.4236478083588171
0.06076935383804719 8.530484966999995e-05 0.06584971457696298
0.05517904000350541 0.0010348549488233333 0.36656656472986704
0.06343230334148911 0.00040141610172666673 0.20363954128440387
0.11181254596013393 2.7586424585e-05 0.130081722731906
0.06095657453762056 0.0014478649159733333 0.19968033639143545
0.06711456340558677 6.646603033333331e-05 0.2895557186544355
0.058729945290980225 0.00015907690456666665 0.3724230173292562
0.06832050986903118 0.0007161352750959998 0.301000652395516
0.05716461766724826 3.2350171556666666e-05 0.2542711620795113
0.07987563218473573 4.6391791333333323e-07 0.38494934760448496
0.06709624642306995 0.00022684023909666664 0.09753032619775714
0.05538062601238657 0.0002130355816 0.16013279306829764
0.07427150926331605 0.0009058041271000001 0.015539347604486053
0.06484503449632054 0.00025794220666666663 0.33394661569826845
0.0861545434843337 3.8551849833333333e-07 0.42293518858307855
0.051350454048156705 0.0007843296867000001 0.39477675840978455
0.053537879292130754 8.88061242e-05 0.4087361264016307
0.05892177945192655 0.0002638900486666667 0.041756972477065
0.07869982053820009 3.220750703333333e-06 0.17318863404688978
0.1251601542645743 1.2293727126666668e-06 0.4716008868501531
229067.14661909587 229067.14661909587 229067.14661909587
0.09582191686907633 2.600679016333333e-06 0.23640796126401575
316269.8012232412 316269.8012232412 316269.8012232412
0.06700536663218204 0.0010267130702966668 0.4322250254842017
0.06006224391065092 7.50296896715e-05 0.23545967380224386
231314.30513081807 231314.30513081807 231314.30513081807
0.0538792731619548 0.0002652852666666666 0.08980423037716623
0.06740113851681613 0.0003009733773699999 0.07399465851172282
0.07121473985060403 5.6743683660000006e-05 0.20705244648317978
0.06194857759662027 0.0014983020503333336 0.13923757390417935
0.06827701830865088 4.8203345000000005e-06 0.23070268093781943
0.05845606309209931 0.00018496292000000003 0.036219266055045996
0.05309445842569489 0.0011547780622046672 0.3271728440366979
223504.90570845993 223504.90570845993 223504.90570845993
0.06146902105377583 0.0015743088016956664 0.30738532110091876
0.056114440338236385 0.0003735737540000001 0.13446293577981638
0.0516341309211555 0.0009861574606629998 0.19354605504587186
0.06519451840057403 2.7674528833333325e-06 0.3625901325178371
0.05671749195299838 0.0009563805523333332 0.211647084607542
1305499490252.2937 1305499490252.2937 1305499490252.2937
0.05806931343577374 0.0023494767765999997 0.13231997961264108
0.09989394273163957 1.1913823366666666e-06 0.00804090723751294
0.10321482669831049 5.996036157666665e-06 0.025935545361875256
0.06167818685792355 1.0572876326666665e-05 0.00609845056065117
0.0657926753381688 0.00010456277218666664 0.11000335372069125
0.054305653432727155 0.0009262166747533337 0.20882815494393459
0.05510381985909966 0.0005659237839566666 0.1184274209989824
0.06723801108634649 1.0093425716666668e-05 0.1495246585117216
294169.18535507965 294169.18535507965 294169.18535507965
0.07479347082088446 0.0006492081736666666 0.4514343832823635
0.059322080270609215 0.00010336391256666668 0.07394461773700334
203386.54434250758 203386.54434250758 203386.54434250758
0.34299904407627774 0.003790078546099334 0.26521005096839856
0.08119931604711475 1.12261062e-06 0.3180093272171245
0.06537008416608832 1.0718424329999999e-05 0.3012843323139651
243301.93255181843 243301.93255181843 243301.93255181843
0.07540509817322508 2.470246906666667e-06 0.1642984607543334
0.05444187976879589 0.0007337386199166666 0.2968738022426085
0.06047883302963312 0.0006114949325966666 0.10161358817533017
0.10560263607597276 4.659579836733332e-05 0.3040355453618746
237771.7507645256 237771.7507645256 237771.7507645256
0.12450173155573607 2.8403706666666664e-07 0.3348495107033638
200977.80750934445 200977.80750934445 200977.80750934445
240257.62402310647 240257.62402310647 240257.62402310647
287457.00390757655 287457.00390757655 287457.00390757655
0.058426483363370085 3.659314053e-05 0.21827420998980696
0.05247285354565526 0.0009758807254166669 0.27212429153924367
0.0751380569418972 3.2577354166666656e-07 0.13524668705402743
0.053446848017397776 0.0006136416882666667 0.4499986850152897
0.0579371447466388 8.5762188e-06 0.07756458715596315
0.058466739463329066 0.0010664802223333332 0.06632709480122356
0.07948021725090662 5.368890083433333e-05 0.38845039755351696
0.07161279923465205 1.3116127513333331e-06 0.12531646279306852
0.07087739525511882 0.0019833021606666668 0.16129478083588156
0.08365706119994731 4.285688670000001e-06 0.37398302752293455
0.08570382057725152 3.29855615e-07 0.19936875637104956
0.05346942530349377 0.0008905232690000002 0.04884669724770463
0.05450357108072741 0.0010881838279 0.3543625993883808
266191.5477404011 266191.5477404011 266191.5477404011
0.058356726600604716 0.00011962535326666662 0.08446070336391376
0.05229756517348431 0.0006667991287333333 0.4630468399592256
296496.05844376504 296496.05844376504 296496.05844376504
0.05741957221658892 0.00026942525478666665 0.02149327217125352
0.05837375496533388 3.7709034e-05 0.09640129459734936
2.1518968739320252e+16 2.1518968739320252e+16 2.1518968739320252e+16
0.0545729705709362 0.00042159181298666656 0.10972367991845022
0.367601254299584 0.3385660525809 0.46511039755351513
0.06954960063634015 0.0007557222893333332 0.4178900815494395
0.05630662740508784 0.00010343968533333335 0.028078807339448897
0.053814483587899975 0.001435410888857333 0.18192812436289652
0.06157890208925505 0.0001572455866666667 0.10567237512742089
0.058001704589221825 0.0001866911363333334 0.1333252599388386
0.05346735535141685 0.0006940100219466666 0.24148027522935767
207097.5407747194 207097.5407747194 207097.5407747194
0.05368587381516721 0.0005639438659333333 0.03410960244648198
0.10146517154859436 2.1284412666666664e-06 0.2651598878695225
0.05351593705543159 0.0008103336206566666 0.36204452599388537
224899.0103635744 224899.0103635744 224899.0103635744
0.10725729380729104 8.978599843333333e-07 0.30247511722731835
0.06249887057364281 0.00011525193733333336 0.1702214576962282
0.09634879354163686 1.8983496599999998e-06 0.0074671661569820635
0.37170233948446435 0.7710005385683333 0.18730766564729917
0.05171219722069005 0.00042346247639999995 0.3694524057084596
0.05678624889195663 0.0017432625590000001 0.2126992660550444
201345.04757050588 201345.04757050588 201345.04757050588
253446.22409106343 253446.22409106343 253446.22409106343
0.052143792308599994 0.0020399243445433342 0.4724518552497452
275069.2533129462 275069.2533129462 275069.2533129462
0.05398316904209621 0.00043218295002 0.11682792048929702
0.05465370379907786 0.00073551028428 0.06660358817533218
0.06203749536745695 0.0006385255473186665 0.19406673802242658
229360.92847434653 229360.92847434653 229360.92847434653
0.05837150790636725 0.00011926807499 0.05845713557594312
0.05901038487812652 0.000503482803 0.10416930682976533
0.08154917796722982 4.819746133333332e-07 0.19556013251783844
0.06223332128196494 0.0016571999189999996 0.21360643221203057
0.06000522945223377 0.000193213422 0.2844928746177371
227750.93442065953 227750.93442065953 227750.93442065953
0.05856820965157609 0.00010517799500000001 0.08522564729867499
222049.9447842339 222049.9447842339 222049.9447842339
263215.9700985388 263215.9700985388 263215.9700985388
0.08167022075622417 1.3001203466666666e-06 0.20978640163098827
0.05165014521250251 0.0007214932453200001 0.4630588990825677
0.0595919966223339 0.0018563913226666668 0.07269880733944944
0.057785592210815695 0.00011802056 0.09261014271151735
0.054778106163178825 0.002151780155400334 0.3363297757390411
0.06053532601804545 0.0006286833187666668 0.16028432212028632
0.10722404609461325 4.191416053333334e-07 0.16720412844036803
0.057054025828288224 0.0011444151904333334 0.30895361875636995
0.07846312331113954 5.505371076666665e-06 0.03538141692150809
0.06315222403784522 7.419847100000001e-06 0.062232517838940016
0.06589760150606794 0.0008778538659999998 0.4155412334352677
0.05793304127348134 0.001828966839833333 0.12876175331294615
0.05249792462026825 0.0017133936807633332 0.40290598369011166
0.05618270853653632 0.0009839434944000003 0.06466133537206975
0.05510732621971151 0.00028700655337333324 0.22287037716615776
0.08210367598978033 1.6405507333333332e-06 0.005128256880734483
0.05480025931607094 0.0005017889885299998 0.479782935779816
0.0986584986239854 1.1582855633333335e-06 0.14164090723751244
0.07045551290058574 4.713806333333333e-06 0.28012640163098945
0.05240649440132908 0.00040599974241999987 0.20343055045871594
0.06203684259785617 4.810284506e-05 0.4140713251783872
0.05611124699867653 0.0008352645241 0.08860677879714585
271820.6804281351 271820.6804281351 271820.6804281351
0.10861172288929244 7.03064211e-07 0.07117283384301754
0.0716259534616338 3.04018065e-06 0.20218034658511685
0.06406849166674158 1.8222676893333325e-05 0.05730893985728924
0.07941705041240865 6.286913848333332e-06 0.070666177370029
0.0625338714694206 0.0001877085599233333 0.20710054026503633
0.10055370846518077 2.425152420666666e-06 0.09523305810397487
0.058895228081434915 5.924214594000001e-05 0.07916295616717761
0.0723251068335338 9.148326733333333e-05 0.2773528746177356
0.056175409818473576 0.0013523119 0.051716167176349526
0.05261797589657983 0.00106092840952 0.39878930682976543
0.11918487789776339 3.870316636666667e-06 0.30808994903160025
0.05600420598266464 0.0005454468507933335 0.22346224260958047
0.05562808516283827 0.00034842202776666666 0.16235618756371029
0.06458176142451688 0.0002649021576866667 0.36756445463812515
0.06531265837586078 4.862570300000001e-05 0.0355229255861369
0.07431870738521491 3.3290626266666664e-06 0.35685010193679956
0.09744563279606633 1.1414084000000002e-06 0.00019035677879619683
307747.16275908845 307747.16275908845 307747.16275908845
0.07426988644029782 4.0459230079999994e-05 0.024996972477065338
320461.06014271156 320461.06014271156 320461.06014271156
0.0685111464004288 3.8894756533333325e-05 0.3208051172273221
253250.348284064 253250.348284064 253250.348284064
0.05244086139453685 0.0019237853873599999 0.4570157492354747
0.08056447934700424 1.3883356866666666e-06 0.07603458715596423
0.3692607358866826 0.5496467191384533 0.29861233435270007
240545.37037037004 240545.37037037004 240545.37037037004
0.055230330463544856 0.0007548394741666669 0.02016037716615937
0.05697469179593835 0.00010810109591333329 0.20710265035677988
0.06258689558839799 0.0010175697646066667 0.04806655453618758
0.0579437322323502 0.001559780686233333 0.042382609582058084
0.05258617896261897 0.0017415096045333334 0.4380502752293576
0.07433554931665143 1.1868303039999998e-06 0.2298205504587152
0.07782964548315655 4.164364542266666e-05 0.19928340468909456
0.05504868819295975 0.00080679547972 0.47456941896024496
0.06449076018839708 1.1341509471666666e-05 0.04278243628950129
0.08263947652124654 3.8587676709999995e-06 0.22703793068297706
271127.8754672112 271127.8754672112 271127.8754672112
207073.46670064598 207073.46670064598 207073.46670064598
0.09536703267382818 1.2633554633333333e-06 0.13456490316004155
0.10361770830800343 4.518975123333334e-06 0.03399375127421056
0.14350654468096416 5.548939263333334e-07 0.42650480122324086
0.05448652503517918 0.00213302596 0.045060784913352414
0.06003335493650045 0.00193508401634 0.27650945973496377
0.08049530600958546 1.0874946866666668e-06 0.3486563302752286
0.05374658998735704 0.00022556522834999996 0.24161001019368022
0.0528364103241787 0.0010273720103333335 0.3081993272171255
0.060690696096691046 0.000514929346 0.3019846381243614
0.05391826951322735 0.0018859480622666666 0.4629013761467897
0.08433517143652014 1.387493291333333e-06 0.392559480122324
0.07005629267979092 1.5318338946333333e-05 0.14966681957186356
225990.06116207986 225990.06116207986 225990.06116207986
0.06617434175686543 1.0016648633333334e-05 0.06849433231396551
220452.3275569149 220452.3275569149 220452.3275569149
0.055833263252748136 0.00046158280937333337 0.449917787971458
220832.78542303742 220832.78542303742 220832.78542303742
0.07352173832907105 2.492600724e-05 0.02725230377166188
0.06861899889612366 5.8993557606666674e-05 0.010551111111110956
0.054261612560724364 0.0009125344353899998 0.4214000713557593
0.07591787724667678 2.6265978652e-05 0.2576071559633033
0.06180627780435613 0.0004582429163333333 0.0010121304791037566
0.05725040073151262 0.002126117343 0.4525347604485228
0.05852582369539949 0.0018151093415 0.0037448725789985815
0.07949814843256708 1.8630215799999997e-05 0.24789186544342545
0.06716705854766192 4.792485096666667e-06 0.1186779918450549
0.05430139944584633 0.0012161045050000001 0.1644414373088683
219735.6566428812 219735.6566428812 219735.6566428812
211191.09327217168 211191.09327217168 211191.09327217168
0.08398256055537737 1.9156462733333333e-06 0.3971827828746166
0.05859173668465385 0.00014608726243333327 0.2323655453618758
0.05436410741808317 0.00048032729065166665 0.040835168195716864
0.07018565872193461 8.878601394666664e-05 0.20295394495412866
0.05663452839913122 0.0008882725241066664 0.0534970540265034
0.05284078311847991 0.0009812000668666663 0.3444547502548412
0.05288456819729229 0.0011332700960233334 0.258672130479102
0.0527521020470734 0.0005920863216933333 0.02621265035678011
0.08454083894110627 1.6557884699999998e-06 0.10443659531090832
0.09802173681493916 1.05875731e-06 0.1760704587155959
0.05265262768284913 0.0004285330954933335 0.1531397247706412
0.05769142956909948 0.0018089598351793343 2.3496432210112772e-05
0.05637581631943585 0.0010875851031399999 0.43946029561671773
0.059274782491568846 5.900514436800002e-05 0.08452843017329226
0.0692847354878077 1.9217470728333336e-05 0.1235856676860334
0.07272145004171929 2.220793707333333e-05 0.31396188583078466
235603.51681957205 235603.51681957205 235603.51681957205
0.07010387824151157 2.6166548376666664e-06 0.13636341488277326
0.07465724300192025 2.5103818086666667e-05 0.22496808358817422
0.053900290763740026 0.0010627812339466663 0.2281165137614698
0.06303076084295745 0.0002046369975833333 0.16998155963302697
254548.9721372747 254548.9721372747 254548.9721372747
0.05361645048882016 0.0006452638208333332 0.4708714271151866
0.08132808093800906 6.474129566666665e-07 0.19514664627930634
0.05882053479820078 0.0006259396083333334 0.2822861264016314
0.05228905198494197 0.00092577683734 0.28267363914373167
0.06900369294628639 0.00014046382737666662 0.2182255657492349
0.0523038818438094 0.0007396603463000002 0.3840138532110089
0.08367998714208523 3.378452666666666e-07 0.1859055963302758
0.059691130861269606 0.000135481395 0.374450632008156
0.05903645780384547 0.001282813545333333 0.21493837920489467
0.0852115539948316 2.919059633333332e-05 0.14286521916411754
0.4226866090596693 0.14548512170263334 0.19385371049949107
0.06744207845987629 8.506629571999996e-06 0.1962325178389408
0.07678937452466067 9.004306799999999e-07 0.06901704383282325
0.06672585778523621 8.049497135000003e-05 0.056569408766565576
0.05550030752827595 0.0014535328 0.064910886850154
0.06174825518762472 0.00017581540776666666 0.30568126401631
0.051895935135126275 0.00036650627609999996 0.46607955147808333
0.06466756535551517 4.0288836133333314e-06 0.20485694189602333
0.06417680863491815 0.0013434781996199997 0.1811091539245666
0.056353809633748586 0.0001514609713333333 0.07842288481141724
0.06616057540575955 6.932599666666663e-05 0.28169890927624985
261297.61297995292 261297.61297995292 261297.61297995292
0.10859837803650572 7.113888946666668e-07 0.3430712742099895
0.05361274117772381 0.0010474082866876663 0.4008152497451589
0.06203183521868483 0.0002897407383333333 0.13520558613659572
0.061238868726992204 0.0016647885266099997 0.4638684505606525
219871.85270132503 219871.85270132503 219871.85270132503
0.05422060866332852 6.668943800000002e-05 0.28635606523955115
0.05253683164572231 0.0003725644740133333 0.19639951070336448
0.06826878937986276 0.0014032689023611336 0.021794933741081213
258936.90961603832 258936.90961603832 258936.90961603832
351151.4695888558 351151.4695888558 351151.4695888558
0.05668397489701774 0.0015789999759999998 0.12401953109072306
0.05504780605034058 0.0020278319666666668 0.2078654638124373
0.06352271724180565 4.925865603333333e-05 0.3188161264016318
0.05225122070631823 0.0005660444166666668 0.2949310601427104
0.0827406173639917 1.8579517599999995e-07 0.348902823649337
0.05769142956909948 0.0018089598351793343 2.3496432210112772e-05
0.05463682609976746 0.00028402070839999996 0.3408633333333335
0.05419782123914307 0.0008630195353279998 0.17904299694189518
0.05725345175729975 0.00042316234652333334 0.4160618552497448
0.060909227066780924 4.864116691893333e-05 0.10733016309887944
0.06544073798183472 0.0004416440099999998 0.2526405096839963
251575.39925246307 251575.39925246307 251575.39925246307
0.06858373623076833 2.661594294000001e-05 0.02391385321100925
0.05264436907604304 0.001713659619970333 0.4418433231396537
0.05305706055373978 0.0008639337145333335 0.06975563710499522
0.05241813142338191 0.0006621603508366665 0.47600326197757425
0.0530280834096621 0.0017882318528739999 0.45717753312945986
0.1078847277519015 9.666421656666663e-07 0.1290366156982672
0.056191035732204075 0.0004200410834766668 0.09255761467889823
266698.3350322798 266698.3350322798 266698.3350322798
0.08948501744750331 7.766946006666664e-07 0.14952851172273185
0.05712235734190636 0.00020681799139999997 0.20010434250764497
0.051881085711724145 0.0006946824969999999 0.32766875637104853
0.0778189104758333 4.0833778699999993e-07 0.23055043832823596
0.06430411304031428 0.0003107606746999999 0.19833056065239596
0.09906973486090798 4.292658216666667e-07 0.09234613659531155
0.06247369517990923 0.00013619572933333332 0.13742283384301812
0.06008030113858294 0.0016526810103333334 0.06965831804281386
0.05775296427498466 0.0012135402763333333 0.21092257900101874
0.08081573159874807 3.3703435133333336e-06 0.29911425076452636
0.0852490922159078 4.1945541333333326e-07 0.25705183486238603
0.05594567721254991 0.00033877940868333315 0.4782063812436279
0.053720777098983 0.0014717877032533334 0.32144108053007203
216697.21797485586 216697.21797485586 216697.21797485586
0.07534322629101152 3.943833033333333e-05 0.10189343527013328
0.09056237638035157 1.3389407416666667e-07 0.06408582059123313
0.09340299214911647 8.876610546666666e-06 0.01236674821610606
228399.9320421337 228399.9320421337 228399.9320421337
0.05769142956909948 0.0018089598351793343 2.3496432210112772e-05
0.05773887596010185 0.0004101065705966667 0.22732741080530117
211361.2427794769 211361.2427794769 211361.2427794769
0.08210690478098473 4.24344492e-06 0.40168268093781867
0.10296107419188394 2.3738973766666667e-06 0.22968743119266044
329648.04196398245 329648.04196398245 329648.04196398245
0.06931344869526135 0.00016377477866666662 0.2635212538226286
0.05344431201585112 0.0011762067183 0.2243342711518852
0.07258072879974789 1.1663183333333325e-06 0.25364641182466885
269358.2059123341 269358.2059123341 269358.2059123341
248112.11773700337 248112.11773700337 248112.11773700337
0.08064050558146658 1.0689662033333333e-06 0.3788591233435281
204297.70642201818 204297.70642201818 204297.70642201818
0.06160403388694309 4.5486550866666665e-05 0.06627528032619834
0.052651468345333845 0.0018914044966366662 0.4584666768603469
0.06036822268896576 0.00152390929566376 0.13794725790010087
0.06511819729949316 0.00015409153569999998 0.2867876962283389
0.05216858653400084 0.0004900707264066666 0.4726875840978595
0.07267567683483503 1.6178929466666662e-06 0.29671223241590283
257796.74651715867 257796.74651715867 257796.74651715867
0.05550874316041043 0.0004240919797 0.14256024464831896
0.06930601444570098 0.0018104796655433332 0.06879694189602326
220313.29850492688 220313.29850492688 220313.29850492688
0.05344655237634177 0.0006420142286333333 0.17292264016309922
239445.00509683974 239445.00509683974 239445.00509683974
0.06447989791216227 1.9158912619999992e-05 0.304545800203873
0.0550509203822435 0.001701343704333333 0.11402311926605524
0.10301629343755705 3.9339683066666666e-07 0.15259606523955105
0.06007145850146718 3.9144250999999997e-05 0.06992212028542344
0.05856388560647555 0.00016842704539999997 0.06482243628949869
289499.43934760435 289499.43934760435 289499.43934760435
0.06821601986623019 3.938947454666666e-05 0.1267536391437285
0.07120188217086064 0.00031791125807999996 0.40833327217125404
0.051377499256854225 0.001017527238423333 0.3541326911314977
0.12450173155573607 2.8403706666666664e-07 0.3348495107033638
0.08010642957897329 2.251092034e-06 0.16469661569826854
0.08064744881554094 3.097595566666666e-05 0.3281086442405696
0.05481860812123507 0.001153696123933333 0.05757037716615754
0.05212076822946794 0.0002143629583333333 0.41858961264016203
0.06186146505898982 3.416562490387333e-05 0.08388258919469882
0.06184612856562351 0.00017866639153333333 0.15080155963302744
0.053438606956663096 0.0007348416587133334 0.12606165137614633
0.08481761658911416 3.69432102e-07 0.25706078491335305
314379.44699286466 314379.44699286466 314379.44699286466
0.08760291365835023 7.144219193333333e-06 0.0014146788990827552
0.059553762468612395 0.0011948025369999998 0.24008592252803407
0.09812950390445319 5.515925719999999e-07 0.20062466870540296
0.055694611184018895 0.00032223397340666674 0.16931940876656482
0.05282414885595032 0.00033948505533333323 0.1833820998980631
0.14088369470210027 4.512203748333334e-05 0.43134651376146915
226485.53346924882 226485.53346924882 226485.53346924882
0.05824398751637397 5.937931356666665e-06 0.29199801223241595
0.055193935583311315 0.0003146971857999999 0.28457282364933834
0.0840074250417654 5.659669360000001e-07 0.10174217125382334
0.05896449045682002 0.00025367663756999993 0.17866093781855197
0.0542133840357503 0.00036526293350800005 0.42211206931702394
0.05502615515432596 0.0009236965941066667 0.1041411213047918
0.05406897410347722 0.0011510253412333332 0.14831435270132376
0.05456845950877679 0.0011645626998666662 0.06588828746177278
0.09570634446661633 7.445599429999999e-07 0.06230535168195761
0.053658953654375896 0.0002820751321333334 0.21714958205912316
202966.83656133153 202966.83656133153 202966.83656133153
0.0923866919620785 1.6140799036666664e-06 0.34502980632008073
0.05767788135427087 0.002325025396149999 0.10005569826707417
0.061210316088252184 0.001203522974 0.12506650356778737
0.06050942018025854 0.00015666490809333332 0.04460402650356654
215127.72256201186 215127.72256201186 215127.72256201186
325788.8166836564 325788.8166836564 325788.8166836564
0.05740595462613688 0.0002080584678466667 0.13062542303771751
0.08612685278315511 8.210372805633333e-05 0.2255984607543322
215434.08936459362 215434.08936459362 215434.08936459362
0.054643910674748865 0.0010258542520533334 0.07794922528032666
0.07160484027291528 4.920565933333333e-06 0.06664506625891864
0.10757962528268968 2.969571196666666e-07 0.28855543323139843
0.056311892527045965 2.1232269426666662e-05 0.04427917431192663
0.0799736417732254 2.107738453333333e-06 0.0922961977573884
0.052183661012969264 0.0007722618947333332 0.42992906218144755
0.08932540569962899 3.4917907120000004e-06 0.395089062181448
0.06248921624343343 1.5292680660000004e-05 0.28787521916411807
0.060667256939186766 0.0018871775235333329 0.03008169215086598
0.06330576905622942 0.00015775646599999998 0.1416784097859325
0.07666479646551752 2.659406046666667e-06 0.005080040774719574
0.08588018450965454 6.3930245200000005e-06 0.2811830173292562
0.10741326172432715 1.2366189533333333e-06 0.43961429153924536
0.07992589428245125 0.0001919760487083333 0.015578990825688699
212329.06048250076 212329.06048250076 212329.06048250076
306930.8953448862 306930.8953448862 306930.8953448862
0.057609652827854387 0.00014115085600000004 0.30149469928644246
0.07038053716492731 1.240689985e-06 0.1280911620795102
0.05782805960256254 5.919315922666665e-05 0.2857594087665647
0.06493752976474468 0.0003873200144 0.07747542303771748
0.056947415723015316 3.292153143333333e-05 0.19251146788990825
0.06437401555878249 1.6609683373333337e-05 0.06417629969418925
0.06034693614004423 4.930181294333333e-05 0.032288603465850496
337383.75382262986 337383.75382262986 337383.75382262986
200182.05487597652 200182.05487597652 200182.05487597652
0.05845604603848035 0.0035821832513333336 0.33197396534148815
0.05183288325990372 0.000728482707023333 0.4288995208970441
0.052979077563561794 0.0013451903299 0.3906527726809377
0.05782232904093065 0.0016701532536700001 0.07460335372069293
0.07574719787780278 2.76577371e-05 0.258153843017328
9104352856.778797 9104352856.778797 9104352856.778797
0.06011781941993018 0.0008912342439673335 0.37512083588175127
0.29077770964769273 0.0012049629255341168 0.22199577981651286
0.059510604213107166 0.0003121145511333334 0.01146403669724716
0.06021832732880328 3.5238784666666654e-05 0.14406116207951092
0.08154138824729602 0.00018477053866666667 0.10682931702344423
0.07561871186275326 1.7190275566666667e-05 0.41903469928644177
0.0791939822030509 1.3932722403333337e-06 0.2550193374108045
0.057866705917676245 0.001940140460906666 0.3063848827726803
0.06068393691513851 0.00012904348807666667 0.10885996941896092
0.06508942392647354 2.0613480411999997e-05 0.29200076452599344
0.38041635246609923 0.6546011766764234 0.09245312945973483
0.06546705281456966 0.0007458022553666666 0.3204986748216103
0.053392090504356816 0.0006807092243 0.1208351580020377
0.0517520612625113 0.0010224389375546668 0.05475085626911369
0.07267216828610182 5.529667652666668e-06 0.11101508664627824
0.05751432950958919 8.267778150666664e-05 0.3522284607543331
0.053550780594037686 0.00121687417 0.1060007033639141
0.06319716407134257 0.00018692519849999994 0.015356595310907384
0.053616383500057554 4.508556666666668e-05 0.35070929663608563
0.06655722833779772 0.0002879736548206666 0.08990291539245687
0.059238846459954475 0.0001272902646666666 0.008244393476045886
0.05905170368750248 5.615158796666667e-06 0.11273591233435276
0.06630852385453852 9.843682181666668e-05 0.034547054026503154
0.06298147841756122 0.00022748418000000003 0.03681359836901077
0.05863145431386899 5.2559865840666663e-05 0.1645744852191644
274627.35304111405 274627.35304111405 274627.35304111405
0.07548442298922756 4.163149463333334e-07 0.15971565749235417
245685.26588515105 245685.26588515105 245685.26588515105
0.06498431756622458 0.0003036445163333333 0.16053873598368984
0.06146399955004067 0.00019317405979333327 0.4280644546381245
0.06990857317019612 0.002288378135566666 0.25241179408766623
0.05973394717510216 4.5098183583333344e-05 0.004996401630988689
0.052844756245612905 0.0009112987066666672 0.4504413251783892
213248.3477743803 213248.3477743803 213248.3477743803
0.0936965830864029 1.22288653e-06 0.09510903160040662
0.059772858123604146 1.8173759719999997e-05 0.06719114169215068
417203.63999320444 417203.63999320444 417203.63999320444
0.05292171587248247 0.001719618563098 0.4601000611620787
0.06764858246760297 3.7393759633333333e-05 0.18618144750254695
0.09475953558276136 3.7997494356666675e-06 0.12355968399592232
0.09307998369208051 6.611457433333334e-06 0.15463429153924668
0.05646339942510247 0.0015972732276666665 0.24523825688073453
0.05833636265943587 7.119720645666667e-05 0.10093888888888936
0.0634509076073985 0.0006853883099510001 0.07442550458715314
0.05686476230366018 0.0009200623805333333 0.2804122629969408
0.06190073748671095 0.001363254963117 0.13754737003058093
0.06510171982184017 0.0014453337640999995 0.28281646279306916
260146.86119605813 260146.86119605813 260146.86119605813
0.05685167035600398 0.00017189011666666668 0.15128892966361107
0.08137314852416991 0.00017618633358366665 0.34426463812436303
0.09105286154151145 4.81309448e-06 0.12097559633027677
0.05925230676331346 0.0016530926135 0.05944377166157189
0.056213212362598124 0.0010822677307066664 0.17711896024464835
0.3899756579831154 0.40739352418864927 0.31551603465851175
0.05371240494881298 0.0011651081577333329 0.22283538226299715
0.37489401135453554 0.2902661869192333 0.07162185524974518
0.058823188324264475 0.00022436534066666653 0.2706756371049934
0.06404250924806405 0.0008432126066666666 0.1226759836901139
212637.6189262661 212637.6189262661 212637.6189262661
0.05773387457412208 0.0004092350966666667 0.03556004077471986
0.05780715085099504 0.001463103279125 0.17291601427115255
0.06437559512817288 7.55068566666667e-05 0.17488166156982832
0.0722473154809788 0.0008892053484633334 0.3352018450560661
0.08979145567691604 7.218927266666666e-06 0.09836000000000089
0.08221480651262608 0.00016816148166666665 0.27807647298674665
241418.00033978844 241418.00033978844 241418.00033978844
0.07195509447088617 3.6776828400000006e-05 0.36016208970438335
0.05264084638969472 0.0005808518603666666 0.12991864424056931
0.05448652503517918 0.00213302596 0.045060784913352414
333021.9673802244 333021.9673802244 333021.9673802244
0.07311422669591264 1.2540252333333334e-06 0.3160866870540273
0.07868223848351481 1.06893698e-06 0.3815438939857283
0.05545561057278199 0.0010354732537666664 0.07103678899082677
0.057543245538823756 0.00026138649046666675 0.16993704383282404
0.06067259568989939 0.00012485331925000002 0.09879994903160227
0.0987230557757636 1.1789115906666663e-06 0.0813998470948003
0.05726436097360598 0.0008137075176166665 0.3170720998980636
0.06198020725273601 0.0011288870338113334 0.3754671967380223
0.05871449013878175 0.0007382410630000001 0.38268628950050987
0.05794528362270686 0.0003883678839999999 0.07239034658511745
0.07174232290345953 4.175044833333333e-07 0.06190112130479042
0.053138627030074916 0.002354451614893333 0.4452336595310906
0.06687294780073505 0.0009145648580723332 0.265660305810397
0.09340299214911647 8.876610546666666e-06 0.01236674821610606
0.06120299820758105 0.00039632850665999997 0.19897499490316006
0.0605805540863155 4.320317896666668e-05 0.19198452599388505
0.057048657010808926 0.0005710165888333333 0.0597914882772681
0.053395113380591774 0.0011424922684266665 0.3022633129459744
0.07648315802985864 0.0003901394199433333 0.3188049133537212
0.09335347882808408 2.8671076599999995e-06 0.008040244648316541
0.05440619255093925 0.002118978846666667 0.05733864424057167
0.058940070869288944 0.0017079579194999998 0.01923508664628093
0.05227899982861346 0.0002731350409999999 0.446524301732925
0.052802598310483354 0.0007100591837499999 0.45788345565749333
0.05847701054051191 0.00019917000910000006 0.11922878695208983
0.36776208579523717 0.5415072254305665 0.4637505606523953
297701.9750254841 297701.9750254841 297701.9750254841
212119.85219164143 212119.85219164143 212119.85219164143
0.10414374727243954 1.5318602213333334e-06 0.0040092966360871785
0.058070186889891774 9.886852663666665e-05 0.2639315800203894
308471.6021066938 308471.6021066938 308471.6021066938
0.07865373588119147 4.042846226666665e-07 0.3173493883792049
0.053863356084731175 0.0007136380871466666 0.18538942915392553
0.07697386268020379 4.698151633333334e-07 0.10216454638124306
0.05282414885595032 0.00033948505533333323 0.1833820998980631
0.06099532709798209 0.001688236823985333 0.18348698267074415
0.06016153193723435 9.997909000000003e-05 0.11447366972477191
0.053235975469462196 0.0016977425708333336 0.3688338430173306
0.05580216365270414 0.00125843172038 0.25065455657492297
0.0849225000241697 4.082919266666666e-07 0.40372810397553516
0.052713003246331804 0.0005697245309666665 0.39092512742100016
0.07540958948511545 3.380038356666667e-06 0.19985118246687206
0.06783465314739795 1.118033491e-05 0.14241291539245582
0.09902720202965967 1.9474322226666666e-06 0.12384446483180467
0.05318868284524121 0.00041499456430000003 0.3413585728848112
0.05682751518867764 0.0009919106593333333 0.07586703363914449
224780.92507645252 224780.92507645252 224780.92507645252
0.056282353860011305 0.000363529571 0.1788572782874609
0.0553884430144799 0.0016642052020066668 0.07544049949031484
276974.9235474006 276974.9235474006 276974.9235474006
0.10866914786240829 4.721962593333334e-07 0.16507889908256868
0.0802365456465022 1.16316054e-06 0.22085755351681957
0.07072369256893757 1.2502167899999998e-06 0.2779104485219164
381311.90112130466 381311.90112130466 381311.90112130466
0.394376207800284 0.7434322523435667 0.18039323139653485
0.05208001420896147 0.00085418320772 0.3601687359836907
0.08259802213014332 4.672602410666668e-06 0.29384104994903026
0.07025677165431757 1.205730465266667e-05 0.17614912334352706
0.05462181546316595 0.0010379352288463334 0.3793769215086633
0.08355878472516931 7.354621330000001e-06 0.060344209989805275
0.07507299805239243 1.4190845866666663e-06 0.03754283384301571
0.05172189352706327 0.0014488308433333332 0.2051284403669733
0.05645111184455286 0.0003276430073466667 0.12742288481141717
0.05476111807073347 0.0007884340780000002 0.19856339449541194
0.06596335828990141 9.632965460666666e-05 0.039765667686035844
0.09955930510190047 3.339627833333335e-06 0.05290129459734949
0.06568124811378391 0.0005535003523333335 0.1221392660550471
222609.7646958891 222609.7646958891 222609.7646958891
0.419269888616572 0.5712487621316963 0.005718511722731634
0.053190769292626776 0.00043145943953333337 0.11307192660550403
0.0809315425258389 1.87881192e-05 0.45116407747196763
0.05720357077813113 0.0012620929212719997 0.10266192660550377
0.05484309384955102 0.0014977231139999994 0.1302456065239559
0.05418937519423479 0.0014512852333333332 0.07728134556575128
0.05762714928744076 0.0015203240042066667 0.27247075433231416
0.06176335224630428 0.0014175674898433332 0.15636415902140666
0.0624733576013811 8.172916666666666e-06 0.27194265035677745
0.0761012939794189 1.1035401999999998e-05 0.19773419979612505
0.1191121548544093 5.413410513333334e-06 0.32241261977573954
0.060962811960611256 0.00010231448866666668 0.05986841997961356
0.06135462973480135 0.00021785287566666666 0.3210234556574916
0.05194402270159204 0.0005523130359333335 0.33721187563710586
0.05837862404670287 0.0024258923998666665 0.07201455657492417
0.06119237797988897 0.0004297619804366666 0.2764758205912332
0.05635840426945955 0.00012769477533333332 0.025916707441385967
0.08760291365835023 7.144219193333333e-06 0.0014146788990827552
0.07390299797541802 0.0012821002186566666 0.2246424057084604
0.083749661439944 9.654297033333335e-07 0.052257217125382116
0.0599395136169855 0.000199978687 0.01943468909276458
0.4064482349573064 0.27100819643131235 0.13233595310907287
401222.1712538225 401222.1712538225 401222.1712538225
0.0522641190767098 0.00105004046 0.1672146279306843
0.059854075985798096 7.237737039999998e-05 0.0067826911314976535
0.055086561200645104 0.0021273368900000004 0.05292515800203601
0.09451472212520387 8.245436828666668e-06 0.12004198776758379
0.06389786477103132 0.00044746998396199997 0.3352467482161061
0.0518513839255638 0.0005987254915866668 0.4517331498470951
0.10710843105285897 3.322192333333333e-07 0.15222438328236532
230151.868841318 230151.868841318 230151.868841318
0.09083049141289584 2.732570893333333e-07 0.43924487257900147
0.09765448285381742 7.733373636666667e-07 0.3218660142711509
0.10420703431850108 5.2235489951666664e-06 0.24537094801223258
0.0966094624739375 8.619495566666666e-07 0.39497938837920454
0.07080318224932387 0.00023716056189999998 0.45438730886850043
203507.46687054078 203507.46687054078 203507.46687054078
0.051895935135126275 0.00036650627609999996 0.46607955147808333
214959.72646958893 214959.72646958893 214959.72646958893
0.07833112903405266 8.016653439666667e-06 0.24346620795106988
0.07602275454919241 9.315946233333333e-07 0.3750062283384308
208652.4294937141 208652.4294937141 208652.4294937141
0.06734477623101001 0.0005104304033333333 0.14355731906218194
385554.6253822624 385554.6253822624 385554.6253822624
0.060436723241110935 0.0009819261833333333 0.12414954128440359
0.05242541992598644 0.0004288792785333334 0.47506472986748083
0.052460341131925915 0.0017818676020000001 0.4465684709480131
0.05317576024375206 0.00019290931766666663 0.2658537614678882
0.08019528485344703 1.611992188333333e-06 0.15694037716615616
0.08392373139494053 2.591395316666667e-07 0.3957854740061162
0.059347775301636554 0.0001172909583333333 0.06272154943934805
0.05917864413287077 0.0010486841312666664 0.168316962283384
0.05753207160469831 0.0018815762929999997 0.0709606218144736
0.08202063176474816 9.391877466666667e-07 0.12662485219164266
0.08123675621718476 9.43612881e-07 0.29921446483180514
333285.4060482502 333285.4060482502 333285.4060482502
0.05976882015602314 0.00128810650496 0.3500694495412837
287641.07203533885 287641.07203533885 287641.07203533885
0.08846984219520326 1.1716483566666666e-06 0.12113162079510742
0.054491924852003784 0.0014849294995000002 0.30321144750254936
0.10084595955551619 0.00010970160292066665 0.0014651070336393346
0.06154463323425399 2.0560510183333334e-05 0.23404087665647255
0.05731302983703423 0.0008703494266369999 0.07043581039755376
0.07727850847895412 2.0642444466666668e-06 0.3953800509683991
0.05413204864231236 0.0006880889883 0.18565878695208982
236119.8479442743 236119.8479442743 236119.8479442743
0.05769240806421475 0.00023771377999999997 0.06153241590214176
0.05234980603376993 0.0017823833182999999 0.47494828746177475
0.08368788140212652 2.5980788966666656e-07 0.3949017940876667
252002.9731566429 252002.9731566429 252002.9731566429
0.08494843597963904 3.349585966666666e-06 0.12692670744138868
0.05648791495959404 0.00024643803333333325 0.10947499490316037
0.06869240096375473 5.682542526e-05 0.24896082568807376
0.36978529874529537 0.32746576766700003 0.2745732823649347
0.06749189562415092 7.257826766666666e-06 0.34642207951070336
0.05136753632570193 0.0007462756320566667 0.46302240570846065
0.05530920355221661 0.0002895835243333332 0.1756886136595308
0.0920792855763918 2.113183217633333e-05 0.40495281345565615
0.08840685008582352 2.5581879833333336e-07 0.4469967380224267
0.07635739114106488 5.285981133333331e-07 0.08310044852191645
280294.91165477416 280294.91165477416 280294.91165477416
0.0647776470550474 9.92680267e-05 0.3681362181447496
360675.95565749233 360675.95565749233 360675.95565749233
0.057184532268874017 0.0021259261433333333 0.27831827726809477
0.05328084247017291 0.0024503252909 0.4380541794087667
0.059463252469624875 0.0003356650383333334 0.2521684403669706
0.05785020637775484 0.00035334230329999984 0.33392853211009266
0.08440499924350504 1.1938176639999999e-05 0.10625869520897124
327500.04247366695 327500.04247366695 327500.04247366695
225978.78015630212 225978.78015630212 225978.78015630212
242490.19707781172 242490.19707781172 242490.19707781172
0.09124026365072727 4.303786483333333e-06 0.04273607543323088
0.055868215515789355 0.0021687136731318338 0.4449156472986746
0.07874118530213495 3.2617123333333335e-06 0.1552641896024478
0.09694754794654273 9.252054133333332e-07 0.25823125382263035
0.051240197706030124 0.0007424768235666663 0.3938066870540249
0.052768596779785064 0.0015240453949666667 0.32378756371049944
0.05810604777345196 0.0018091796089666674 0.0009760448521931586
232617.804960924 232617.804960924 232617.804960924
0.054738742258828944 0.0014427209556933335 0.3423272579001009
0.05764535183464591 0.001110976174 0.1200811009174334
0.058080245156307976 0.0016694549253413334 0.07358650356778851
0.0659466101165748 2.5109021591000004e-05 0.2400066666666678
0.09605032441433677 1.1394221000000002e-06 0.0028410907237512717
0.06106255347364738 0.00020850760784 0.40151127420998955
217896.47468569505 217896.47468569505 217896.47468569505
0.07266174439914475 8.57847280833333e-05 0.2918513557594289
0.056611688560515155 0.00021042581566666665 0.014429459734965455
0.06126521511057547 5.196849183333333e-05 0.05557880733944964
0.07326571810702512 0.00016088475610533332 0.10951278287461896
0.07449576030659828 3.8347621999999985e-05 0.2969088685015282
0.051895935135126275 0.00036650627609999996 0.46607955147808333
208289.64067278279 208289.64067278279 208289.64067278279
0.37744140374431673 0.31527121842013733 0.021611845056066503
0.05770561357750296 0.0009551022789333335 0.17813149847094856
0.08314029848926728 1.0503942700000001e-06 0.4012418450560653
0.05229756517348431 0.0006667991287333333 0.4630468399592256
0.088301908321087 4.855884280000001e-07 0.029926564729867433
0.056869385745238255 8.570566608666666e-05 0.05903647298674786
233977.76928304482 233977.76928304482 233977.76928304482
0.07778904851334474 0.00025480240213333324 0.07354769622833857
206481.56218144708 206481.56218144708 206481.56218144708
0.05874345851431828 0.0018322957867333333 0.003705372069317203
0.08841848219445532 1.1509701049999997e-06 0.010337023445465388
0.0576895642483121 0.0017189654474333328 0.06010134556574798
218755.94631328643 218755.94631328643 218755.94631328643
0.07031780870204417 4.3046223199999994e-05 0.3770837410805319
0.051893021904628446 0.0008557239949999999 0.33864139653414993
0.06305211457706202 0.000620363995445 0.4611700917431203
0.08204027731466101 3.7145143733333347e-06 0.3212682059123355
0.05311356369144852 7.047464700000002e-05 0.3039949643221207
0.09024680145488471 1.302186393333333e-06 0.4161294801223232
236927.9604145431 236927.9604145431 236927.9604145431
0.07429739041907849 2.4591290766666673e-06 0.30636727828746046
0.05269049938679289 0.0008391311782333333 0.46018986748216184
232172.99949031568 232172.99949031568 232172.99949031568
0.055525023778008054 0.00034464734899999997 0.012349989806319961
0.07251726366561465 1.0876378216666667e-05 0.012812803261976313
0.10558436217729342 1.287259279333333e-06 0.24363182466870503
223665.77047230775 223665.77047230775 223665.77047230775
0.052346940075521355 0.00037847100013333346 0.21743657492354718
0.05555361858665452 0.0025932768447686667 0.2056347196738022
0.05739820450277207 0.0005252683073333332 0.38421838939857356
0.06867713067077408 6.652303705333333e-06 0.2490889194699295
0.05269239133757352 0.0019596261612666666 0.39105527013251784
0.10794282558939045 4.590254503333332e-06 0.3848751376146802
0.05782051558542711 0.00013378003697533326 0.3983896432212033
0.06167188498386059 1.6314494e-05 0.04769649337410886
0.06254435571332473 1.6402405966666665e-05 0.3017559123343525
0.07077673369059614 1.5263212633333334e-06 0.20568122324158988
0.05777060611338865 4.181623866666667e-05 0.047191437308867545
410300.40349982964 410300.40349982964 410300.40349982964
0.06123055700455415 0.0006007661313999998 0.1767055963302755
0.05844622784321936 0.0005799260433333333 0.3499838124362902
0.0631414953904867 0.00062096360594 0.41522788990825665
0.05776370078119082 0.0006834409103899999 0.38109454638124385
0.05534564452220643 0.0013049263011233332 0.17725717635066207
0.058838203464893435 6.860746226666665e-05 0.3323490112130485
0.12443939448436103 1.7010103633333336e-06 0.45736875637104935
0.05810305913166543 0.00018561440366666668 0.018291406727828807
0.07705633656002693 1.4264614619333332e-05 0.045840682976554525
0.058131316276635106 0.0015265437051 0.09996859327216967
0.08482824390175099 0.00037820288784999996 0.31173611620795016
0.063961397381835 0.00030289724046666665 0.03685224260958231
0.05492682910034859 0.00037207651433333324 0.16533402650356832
318942.54162419355 318942.54162419355 318942.54162419355
0.05567446132348208 0.00012434432178000003 0.2935503873598364
0.05498088998284341 0.0030984730400000003 0.1943839959225233
0.06631468868832353 9.965748593333332e-06 0.22313793068297638
0.0760974771656511 4.5361786e-07 0.24042845056065243
322559.12759089365 322559.12759089365 322559.12759089365
0.05260160759176457 0.0003705111449999999 0.4604956982670738
0.05616121879404912 0.000601593449133333 0.12780029561671702
0.05344234483831729 0.0006605958833333332 0.3006053822629977
235931.4942235815 235931.4942235815 235931.4942235815
0.06848028597333507 1.1235582746666668e-06 0.016243292558614897
0.05894448684716358 0.00023972487302666666 0.058246360856268
0.07732675780696648 0.00010832042254333336 0.2923875331294612
200258.3588175333 200258.3588175333 200258.3588175333
258454.79527692893 258454.79527692893 258454.79527692893
0.06343071728093855 0.00012217571717333334 0.27844827726809296
0.09970509920454561 2.62539009e-07 0.12504196738022522
1.7976931348623157e+308 1.7976931348623157e+308 1.7976931348623157e+308
0.06308115014069271 0.00039068546666666656 0.16880429153924714
0.05358169465278613 0.0007202092411766665 0.07446111111111131
0.05586957250406414 0.0013919643566666663 0.09623595310907263
0.06435931109123896 0.000429488053115 0.24910826707441425
0.05649111496640358 0.0001956538561966666 0.3023435270132504
0.054803543707640213 0.0005105754463199998 0.1877120183486234
0.058219370118162916 0.0008817860564466666 0.11031634046890781
0.0548014382993961 0.0006691285380333334 0.4557088685015285
0.0536092001737839 0.00139821397949 0.3100462589194697
0.05439988014452316 0.0028627927123333337 0.47658482161060256
0.06980531558144157 1.6598295863333334e-06 0.18189296636085617
0.055905401569360524 0.0011150044963333335 0.41553758409785946
202871.6573224605 202871.6573224605 202871.6573224605
0.05660411439328538 1.5852074800000002e-05 0.13993767584097982
0.08634531489571085 9.805097276666668e-07 0.29960907237512746
0.05606073676336824 0.0016430914282279333 0.23372402650356694
0.07656703886369243 0.0006763173813939999 0.3636385524974526
0.06653360970448303 2.917654826666666e-06 0.2100725688073397
228888.74872579 228888.74872579 228888.74872579
332119.9753652736 332119.9753652736 332119.9753652736
0.09277046395730532 1.0400304923333332e-06 0.19160781855249764
0.09433701688837917 1.6844926533333336e-06 0.14375182466870617
0.07886125108475583 2.88380466e-06 0.27908737003058226
0.3723978141332297 0.22894348837463332 0.42403108053006955
244546.51291199436 244546.51291199436 244546.51291199436
218444.2957866135 218444.2957866135 218444.2957866135
0.058035020150373796 0.0022540174308799993 0.19302004077471846
0.05947114639043401 0.00014517351100000003 0.015479785932722923
240692.6817872923 240692.6817872923 240692.6817872923
0.0900084491513764 2.4092477333333333e-06 0.016089918450561402
0.06048529641258508 0.0004445756698533331 0.32857872579001013
0.07646398761282487 0.0001479642318893333 0.08327888888888735
0.06985425531896834 7.271286292999998e-06 0.05866962283384236
0.09393769047773282 6.231977723333333e-07 0.3995800407747203
0.07018163169585159 0.0007715214459666668 0.09180092762487435
0.056506951723081546 0.001424098429133333 0.26092909276248744
0.05815078949991895 0.0010262989833333337 0.3368769826707436
0.07710712106570874 0.0004297880221416666 0.3165529663608564
0.05624246388761792 0.0017062540666666667 0.23370779816513787
208267.15086646308 208267.15086646308 208267.15086646308
242758.46924906585 242758.46924906585 242758.46924906585
0.07197699450483219 4.1005997333333335e-05 0.17938283384301812
0.053087985290777885 0.00042647547430333326 0.04793386340468908
0.0586004855320065 0.0004336477758716668 0.10762355759429143
0.0527378515544367 0.0004405985192033334 0.24672053007135641
0.0813636789712612 1.3672689033333333e-06 0.10644138634046696
0.07548293077824311 4.604691379666666e-06 0.24984737003058033
0.0566775569998101 0.0006988726326873333 0.45092559633027474
207907.8278967047 207907.8278967047 207907.8278967047
0.05518776891816468 0.0007101821555399999 0.03653424057084598
0.09613652410936238 1.0607880466666667e-06 0.2582155249745157
0.06986094048051752 4.172779829999999e-06 0.1899060448521923
0.06730783338813746 0.00043479383894999985 0.22312763506625988
0.055875900027364006 0.00019535130978 0.17514713557594375
0.05720511001080322 0.0011937209500000002 0.23081536187563723
0.05814208600822142 0.0010323575292199999 0.0004777268093794085
0.057692099442602035 0.0001297854002433333 0.32907489296636117
280187.3598369015 280187.3598369015 280187.3598369015
272416.76010873227 272416.76010873227 272416.76010873227
0.061334298988924174 4.451305408666667e-05 0.33796216106014176
0.05699657668838272 0.0012683641550166667 0.10459386340468901
0.0532817194093963 0.0010373636836283331 0.22810902140672784
0.06676651639477096 3.105950209333333e-05 0.33200848114169235
0.0609113349085052 0.0003343154602426666 0.03226394495412732
0.0751380569418972 3.2577354166666656e-07 0.13524668705402743
206547.20098538947 206547.20098538947 206547.20098538947
0.057455270091221526 0.0016980644307766663 0.1800761773700299
0.06942709536226824 9.246717833333333e-07 0.21630752293578048
0.06475424136421962 0.0009890248489979993 0.01140255861366013
0.08362367943217207 9.679065533333331e-07 0.438633465851171
0.09438753100453597 5.465102733333333e-06 0.022968654434251334
0.08522321810243012 4.958605560666667e-06 0.08887465851172438
0.05532368529780536 0.0006291061981000001 0.039679969418958905
0.05947365264264588 9.794878465333336e-05 0.06455920489296618
0.06734903500493437 0.0008828103487333333 0.08939653414882898
0.06754127945899875 2.291124892e-05 0.018035647298674906
0.08525290718590191 6.186817363333334e-05 0.15032045871559596
0.1170779580427811 1.676590546666667e-06 0.32640532110091636
0.05764088976440506 0.0002564258444999999 0.06388838939857422
0.06677179421141557 0.0026665700016893336 0.13382610601426936
0.06258918004700201 0.00035853611299999994 0.24095446483180538
0.0975171105520894 1.1707892e-06 0.0027503465851168585
0.05884438166798807 0.0007208327169900001 0.4613859429153919
0.05550030752827595 0.0014535328 0.064910886850154
0.08867478275738383 5.997907666666667e-07 0.15158277268093778
220048.54315324486 220048.54315324486 220048.54315324486
0.09112973800741071 2.0252215755e-05 0.10336432212028601
0.06317653490847648 5.4946283999999996e-06 0.03193170234454534
0.08637032996640355 3.9546493333333327e-07 0.21613564729867463
0.07841522184772257 3.254423673999999e-06 0.10866620795106918
0.08983265528762013 5.597807223333332e-07 0.01536977573904208
0.10042868173637437 2.3826854683333332e-07 0.000866167176350352
0.08400948572099486 1.2906260003333336e-06 0.034229225280327125
0.0778002318547627 1.0223855883333331e-05 0.29199392456676776
0.09828419244864527 1.0936147799999996e-06 0.029067777777778137
0.09027404291235981 5.946280533333333e-07 0.2720625688073399
0.05801086950042514 8.831252100000004e-05 0.21998530071355882
0.05555330973972006 0.0014515251973333334 0.13434866462793194
0.10399952815921112 1.969065867333333e-06 0.034589429153925266
0.11149424733613618 7.165093362000002e-06 0.36019093781855105
0.07568743665972828 0.00021383051400000004 0.4614370744138636
0.05819683431921067 1.886081041333333e-05 0.07473150866462985
0.059160683685494056 0.0014527940437499998 0.018755351681959187
244041.88752973144 244041.88752973144 244041.88752973144
0.056296919177048634 0.00036232578947333326 0.15690888888888965
0.055344425996733754 0.00019888107333333326 0.03032274209989838
0.08007381847885955 1.9263626222666667e-05 0.12537253822629868
225823.56439007923 225823.56439007923 225823.56439007923
271349.6262317366 271349.6262317366 271349.6262317366
0.0547972443574393 0.0003825532412953332 0.02474261977574077
0.06367123205519694 0.001117569369 0.32046818552497536
0.05394815004449837 0.0002474139763333333 0.4429254740061146
220901.90706761836 220901.90706761836 220901.90706761836
215238.05640502914 215238.05640502914 215238.05640502914
204295.9182806663 204295.9182806663 204295.9182806663
0.07079151305594929 0.0005792764026233333 0.15281613659531113
130571492141.52226 130571492141.52226 130571492141.52226
0.10383332049754948 3.320030193333333e-07 0.24574528032619902
0.1054469490876489 2.8479911176666663e-07 0.019271325178389365
0.0809586548937922 3.503623743333333e-05 0.2824462385321125
236779.37903499813 236779.37903499813 236779.37903499813
0.06867256434956633 1.7329533133333324e-05 0.25352805300713577
0.05208409303830907 0.000825231026 0.46988457696228414
0.09541672588281563 4.573853336666667e-06 0.20686107033639134
0.051895935135126275 0.00036650627609999996 0.46607955147808333
0.058817842622368256 8.4207968e-05 0.002394077471966849
0.05818221387367424 2.37590379e-05 0.05098453618756382
276297.96126401663 276297.96126401663 276297.96126401663
239745.22171253798 239745.22171253798 239745.22171253798
3468789108572842.5 3468789108572842.5 3468789108572842.5
0.059213829853517565 0.00138796559444 0.35667040774719583
0.05234807160543811 0.0010368623163333336 0.37133720693170336
0.06077715750611538 7.510770066666667e-06 0.2690369928644252
0.05369073031686329 0.0006128151963333332 0.025274016309887237
0.07682235926318381 1.5329758890000003e-05 0.21834388379205016
0.0693462635743005 8.207515500000001e-05 0.011079867482160388
335976.73292558617 335976.73292558617 335976.73292558617
0.0854772600863238 5.995373902666668e-07 0.4637813557594277
0.059875245947922706 1.9543089999999997e-06 0.03090329255861235
0.05705835814869982 0.0016214324700000002 0.44193793068297627
0.056425760790118365 0.0010733366643566667 0.06497228338430316
0.05769142956909948 0.0018089598351793343 2.3496432210112772e-05
0.08780168487019682 5.347137757966667e-05 0.17015948012232274
0.055062889849667854 0.0022825680173 0.15792802242609483
0.05261111937439951 0.001868938300733333 0.4305061060142723
0.054968576339741726 0.0010814422717586665 0.38233260958205806
262073.1396534144 262073.1396534144 262073.1396534144
0.061514042522347226 6.947620692666668e-05 0.24429566768603372
274491.8238192324 274491.8238192324 274491.8238192324
0.05414407563044028 0.0007820429999999998 0.17679837920489216
0.08489482493044986 9.528108057000001e-06 0.020239622833842397
0.05341791574262658 0.0003243864466666666 0.0033830275229367324
0.05157737089149261 0.000812501728033333 0.3936904791029572
0.0674351820678322 2.0752836181666667e-05 0.36802077471967465
203598.93815834206 203598.93815834206 203598.93815834206
0.06606815135170119 8.842686426666668e-06 0.25824144750254785
0.05803255072357253 0.0014924090349999993 0.183513955147808
237335.94546381242 237335.94546381242 237335.94546381242
0.0614205543973089 0.00010321668053333331 0.2705212844036704
0.09310666008935971 1.3819925570666666e-05 0.10920928644240702
0.053157327096658324 0.0018394935251333322 0.447609123343526
0.05346540968141891 0.0011709550423333337 0.09497454638124658
0.05366411494806093 0.00018015641799999998 0.33544051987767487
0.08324496524873236 5.057116173333332e-07 0.39505095820591185
0.05935932010156423 0.0003746878703333333 0.2633109582059143
0.05310172851652602 0.0008395290961206665 0.1700633639143745
337831.5834182808 337831.5834182808 337831.5834182808
209883.9407067623 209883.9407067623 209883.9407067623
