0.06092941776102859 0.00024402172576000003 0.07998002038736018
0.09201692401865678 4.081220993333333e-06 0.0947742303771677
0.05551673542508073 0.0006142714094299998 0.14196705402650256
0.06255555829317012 0.00018980010138 0.06003489296636122
0.0739273050774413 1.6271343373999997e-05 0.18502189602446517
0.06263964314989659 8.770927999999998e-06 0.12136700305810466
0.08440591870690047 2.1309262499999995e-06 0.36161138634046974
0.07754019491933983 4.78431715e-06 0.0874684199796123
0.053128637584118704 0.0004342586491666667 0.4515884403669723
203550.8154943937 203550.8154943937 203550.8154943937
0.07762043789097886 8.887531543333334e-06 0.39507752293578013
0.06916444614076522 9.6809605e-07 0.03925467889908196
0.06072341614024204 0.0013413879569333334 0.08951084607543258
0.06184366947078912 0.0005065739776999998 0.13917408766564776
210576.28270472263 210576.28270472263 210576.28270472263
0.05466143982317843 0.0005103504393766666 0.13846161060142537
0.05569806634633034 0.00073684071 0.24716557594291722
0.05561579789242424 0.0005524286262633331 0.3943777370030572
0.055234910735600454 0.0006392079845986665 0.2986252089704373
0.052894285933863694 0.001583897749 0.3281555453618745
0.06169340143529507 0.00015677526100000002 0.2906971763506623
0.06966858310824182 8.525438457666667e-06 0.23030932721712594
0.08223427515911855 2.656001506666667e-06 0.4694236595310932
294272.3114169217 294272.3114169217 294272.3114169217
0.05908412938617683 0.00017594398351266665 0.05764685015290549
0.06667594376612884 2.4048208e-05 0.227457298674822
0.05906213270155746 4.7582996000000004e-05 0.026807818552497142
0.061146022045306316 5.004397666666668e-05 0.21374219164118058
0.056121212473477566 0.0011656299333333334 0.008958073394494281
212384.2974855592 212384.2974855592 212384.2974855592
0.08450004956403878 1.0325647299999998e-06 0.2528103465851168
0.06372303262266524 0.0006010323187833333 0.01235803261977475
376874.0570846072 376874.0570846072 376874.0570846072
0.0676453685747245 9.180143409999998e-06 0.07036285423037603
0.06705354586144648 1.4611110666666667e-05 0.22230135575942933
0.060087082178457554 0.00018740992442000003 0.05892509683995861
0.3842676534671721 0.2764337686679203 0.08300320081549506
0.06871441617261463 6.708392103333333e-06 0.012513251783893953
0.05748503807210477 0.0020295848200000003 0.4447688379204884
0.07394616475528393 8.101475333333333e-07 0.2514929969418951
0.06343821641033072 8.957027146666665e-06 0.15821993883792063
0.054277793238312014 0.000256516483 0.0628326299694204
0.06024336109530733 3.486689893333334e-05 0.13116843017329272
0.07434535558374922 0.00014384937651266668 0.1685773802242605
0.08798980254528921 9.290405473333333e-06 0.03965178389398538
0.08873739138658572 1.9442361549999995e-06 0.043600448521916135
0.07143955790839765 5.802743699999998e-06 0.24428897043832665
0.060795013319888416 6.267681098666666e-05 0.12222620795107009
335761.23003737733 335761.23003737733 335761.23003737733
249025.49269452968 249025.49269452968 249025.49269452968
0.08261478291459552 1.2727292866666669e-06 0.2068125790010189
0.07538785279058607 0.00012049405653566667 0.2971110499490326
0.06469413296557502 0.00039734560333333334 0.45321856269113225
234414.45803601758 234414.45803601758 234414.45803601758
0.07283831865040363 8.723432100000001e-06 0.47942026503567736
0.05245866623426464 0.0009687603931400004 0.22517922528032663
358978.64848793804 358978.64848793804 358978.64848793804
0.09936649877675051 3.60015288e-06 0.0438359021406729
0.08528947443208815 0.00026683269904553337 0.41864245667686006
0.05737587359654546 0.0009148728092666664 0.46992829765545263
0.0848170365547643 2.46534633e-06 0.4223919164118235
210178.24074074076 210178.24074074076 210178.24074074076
0.07312325999730507 2.4019399866666664e-06 0.10144404689092656
0.05962045161285541 3.6807750633333325e-05 0.002733363914373843
0.05306943333377533 0.00068056959915 0.4424733537206942
0.10350084966548381 6.4370229203333325e-06 0.43218197757390375
0.07270390129396664 0.00019928064723333328 0.33300714576962287
0.05548274922563563 0.00032184556596666667 0.28531283384301753
0.05791182305156776 0.0002629853560000002 0.2807291946992869
0.07835321857709827 1.4900843766666666e-06 0.1541663404689091
0.06816940865007615 0.0011326161023471667 0.2066572579001016
0.06754123139673596 0.0022402144719999998 0.3546072579001027
220022.01834862368 220022.01834862368 220022.01834862368
0.054069867779727845 0.00043968789666666666 0.3073750254841987
308397.47706421994 308397.47706421994 308397.47706421994
0.07698454698135958 1.7421164856666664e-06 0.38266159021406754
0.07477838574766293 0.0001888424787733333 0.24441597349643196
246958.11247026877 246958.11247026877 246958.11247026877
0.059251870824931656 1.9942061899999998e-05 0.036537145769622636
0.05940382910415434 0.000117365983 0.12808285423037624
0.06297618667531453 2.7350795311333328e-05 0.22615512742099808
206958.47774379895 206958.47774379895 206958.47774379895
0.057535954212435694 4.139503753666666e-05 0.2872984403669725
0.060185594919369104 0.00014932420324299995 0.0042913863404692165
0.08235281102061198 0.002054724938653667 0.3175719775739041
306532.6410125724 306532.6410125724 306532.6410125724
0.05906858122121483 1.5859643333333334e-05 0.05014889908256892
234628.94155623548 234628.94155623548 234628.94155623548
0.06547290330573985 0.00017416742702666663 0.1509903567787969
0.056772127256176225 3.0196198666666668e-05 0.09713171253822583
242390.22680937848 242390.22680937848 242390.22680937848
0.0852467517344489 1.7226548299999999e-06 0.012072528032620156
0.056031522298141824 0.0002920065159999999 0.4372477879714567
0.05183966603147634 0.0014146487500000002 0.15858507645259934
0.053372347598328096 0.0007827148599999999 0.3120409683995913
230112.80581039717 230112.80581039717 230112.80581039717
0.059896000885481526 6.067005533999997e-05 0.30698768603465876
0.05826190614756899 0.0005519657370466667 0.2529520489296635
204762.17295276944 204762.17295276944 204762.17295276944
0.08046978775847194 3.411362719999999e-06 0.35422017329256095
0.07126266519466307 7.893824199999998e-06 0.2889151885830774
0.052919718164797014 0.00139546177465 0.30078829765545256
0.054590740939381655 0.0029511842040000004 0.4155696432212017
0.09722448377009181 1.1430516266666668e-06 0.17517074413863387
0.05609175732254568 0.0010706608560999997 0.08457481141692291
0.07959977311219368 5.495610173333333e-06 0.08291071355759483
0.06790777240601527 9.635879523999999e-06 0.18523501529052133
0.05585570244732955 0.00020483056747 0.15007778797145876
0.05863338031910192 0.0002761878861 0.09748276248725762
0.08298508696320868 4.8361911e-06 0.24038344546381119
0.05720831521464901 0.0003683687449999999 0.003866218144751077
0.08013503034812389 3.2483599999999993e-07 0.2674503058103994
0.07104038250535145 0.0019693436270000002 0.09632975535168242
0.05661308081217653 0.0023452409741666668 0.27320144750254904
0.08357408159722063 1.1004088666666664e-06 0.015867655453619456
0.05209172208009223 0.0009101854589999997 0.2680743017329248
0.06852424702806899 2.256161186333333e-06 0.13905317023445418
0.06928738843556188 5.628855833333334e-05 0.36762790010193536
218295.49779136936 218295.49779136936 218295.49779136936
0.07609958678251179 2.773237371733333e-05 0.2737141386340456
0.06281047341453001 6.447801796666668e-05 0.019161345565750665
0.06604182717666121 7.340697700000001e-05 0.44800224260958155
0.05869460881191279 0.00026095698389 0.0604304077471971
0.054302032723014884 0.0003120162665333333 0.4039704994903164
0.06259121331247104 0.0009635292147333332 0.23549284403669724
0.07185153136356381 3.1864319600000004e-06 0.003423037716614896
0.09434470331039518 5.2418686899999995e-06 0.4116195208970419
0.08633111109079157 3.5892405089999998e-06 0.21683048929663595
0.05376600588364681 0.001026068624393333 0.34150917431192696
0.06628977846628295 0.0007219100389666668 0.18176599388379344
211141.23768263648 211141.23768263648 211141.23768263648
0.054409003756425905 0.0014269706288333333 0.166779357798164
0.062265428163121375 0.0007430710966666665 0.07269634046890872
0.2575559299324253 0.0021146802211669995 0.35822426095820603
0.06305217806346582 0.00046854900616666653 0.042931722731905264
0.09610158444581321 1.40959526e-06 0.08332076452599413
0.07551220099869745 8.885905846666665e-07 0.3251754841997947
0.05508175402546 0.0005988086021289999 0.04210970438328321
243123.65783214406 243123.65783214406 243123.65783214406
0.05348161457108728 0.0010906250100000002 0.36268542303771634
0.05764217327383954 0.0005019764533333332 0.14508878695209093
0.09794203325459216 2.261736096666666e-06 0.27139030581039814
201626.9113149851 201626.9113149851 201626.9113149851
0.05608890050230401 0.000457781191 0.46487278287461775
0.06041053499601715 2.6489275333333335e-05 0.12369184505606468
0.07382826218945018 7.190088314666666e-05 0.2549516513761456
0.06346040905083528 0.00013700134669666664 0.04943948012232502
0.07364087707647844 6.302749719866667e-05 0.23591332313965419
0.05605435040744481 0.0006697921443333333 0.47618312945973384
0.05364770993658007 0.0005881517797666665 0.2821554434250757
0.07041898988785136 0.005981737922 0.33868640163098807
0.053662070659052964 0.0011830601318907332 0.21351288481141673
0.05645743358273769 0.00037571062105696667 0.10726512742099858
0.05573748234692495 0.00024618946666666675 0.06647002038736005
0.06632183028520951 4.226358468333332e-05 0.2253608868501522
239962.542473666 239962.542473666 239962.542473666
0.061702910582971504 0.00010433361988999997 0.16351096839959167
0.0653671955441533 0.0002619775085766666 0.3431528032619755
0.060727450684948406 7.06605031e-05 0.015378093781855284
0.05350350483085578 0.0005290234663066667 0.018857400611621333
237890.71525654104 237890.71525654104 237890.71525654104
0.06051769560539784 7.038619466666666e-06 0.027733883792048886
0.06997582667457994 2.7401377300000005e-06 0.1283350662589191
0.09402590330051744 3.0603018799999994e-06 0.15770125382263078
220639.0502888207 220639.0502888207 220639.0502888207
0.05271751244174664 0.00041416361236666665 0.2641769622833845
0.055066442717933775 0.0019310852580199998 0.3252270132517845
0.0551093552122465 0.0008801411246566664 0.06015974515800382
0.07811381034802581 0.000187055494 0.4110333741080525
0.06142671350434403 2.2298162580000002e-05 0.11650188583078647
0.05984828257931092 0.0005190690470983332 0.12886053007135567
0.0546033430466288 9.20604720333333e-05 0.4168766462793059
0.0526284325347437 0.0017607904176666664 0.4233277981651389
0.08543774667632105 1.1725670026666667e-05 0.16874984709480323
0.059956002163239736 0.0006381359944399999 0.29194458715596383
0.05376767859939968 0.001499093125333333 0.165974159021407
0.05925144051927492 0.0005827657737933333 0.4540757594291547
0.05772671557829915 0.002730350615 0.23603058103975494
0.10694722703927928 2.5104154849999995e-06 0.24790833843017301
0.3779453745425342 0.6835996032599165 0.2999865647298656
0.07546864651826346 0.0005673487681333334 0.40037780835881875
0.0629179598414176 0.0008513508599999999 0.2221572884811409
0.05990942919778074 0.000129323007 0.032949418960244614
0.05365803125798022 0.0009515114622256664 0.1690840061162091
0.059213826067865696 0.0009709285441303335 0.0025482670744150226
0.061652056046908744 0.0001014145732 0.05963397553516936
0.07515377864579523 4.491900126666666e-07 0.22749217125382204
0.3290629268807805 0.00459071768059 0.2649551376146775
0.059277336143372196 0.0004821070585697666 0.3395310091743129
0.05735421079208698 0.00048795840866666646 0.1117203363914383
0.07658461434069659 0.00437563591 0.12168443425076525
349252.7480462111 349252.7480462111 349252.7480462111
0.08759535866127777 2.261538748433333e-05 0.40407364933741197
0.05812625279687163 0.0006019133536666668 0.44839832823649317
0.05189299030848341 0.0017251045233333336 0.46276427115188623
0.08130396710965873 1.6362192996666665e-06 0.1344721814475034
0.05922487150843403 6.418117873333332e-06 0.002656962283384079
0.05283227010225955 0.0014293932737 0.3103188583078489
0.06354513888130145 1.1778059999999999e-05 0.20604807339449493
0.06194093170222451 0.00023601280626666667 0.00123923547400695
0.05349397706309007 0.00022252043853333338 0.05525856269113305
0.06990857867603187 7.645560405066666e-05 0.45223750254841955
0.05627637084945565 0.00020272923033333332 0.04045220183486142
0.0955974214700341 1.2401605533333332e-06 0.15659605504587137
0.06216866242784739 0.0018744000337133338 0.031381957186544795
0.06253080449081316 2.5731545666666662e-05 0.03648369011213104
0.059043789057088805 0.0005545600093366666 0.36447786952089833
0.05715652916862175 0.0006935393026566665 0.06143977573904058
0.05349991673028853 0.0005470148635999999 0.08162892966360946
0.058945576242142764 0.00038939403737333326 0.09901682976554493
0.11906871251155526 1.8767115066666666e-06 0.3986778185524975
0.053959641637159085 0.0007459255191499999 0.21344413863404776
0.11107222001223892 1.4022889499999996e-06 0.2182271355759413
0.07070588626281027 1.3749314066666669e-05 0.23933435270132541
0.05632921215322195 0.00039132663711999993 0.20967710499490266
208666.15273530444 208666.15273530444 208666.15273530444
0.06820816198508002 9.064664766666664e-06 0.2677929357798181
0.08059518404675155 4.4622083999999996e-07 0.38498997961264037
0.0539237584234569 0.0015747707304666666 0.33057680937818645
0.08805718720499107 1.334390666666667e-06 0.002777268093783203
0.10935650748722706 9.221922373333333e-06 0.39703108053007163
0.052688138302044586 0.0003419081563333333 0.16599857288481035
0.06066252659424638 0.00013636941626666663 0.19476261977573817
0.05732992296766337 0.0014092580383333333 0.0897217125382257
0.05668049051579519 0.001152726569614333 0.1470479612640161
0.05371529821511885 0.0003661148116433333 0.3233694189602456
0.06693635365598583 1.9430923000000004e-05 0.018127563710499395
205057.50084947326 205057.50084947326 205057.50084947326
253046.56812776072 253046.56812776072 253046.56812776072
205782.4753652736 205782.4753652736 205782.4753652736
0.08141856358723774 5.130521996666665e-07 0.019457237512741976
0.07291348883072027 6.219017202000001e-05 0.07194010193679956
0.05663191897786653 0.00011261430591799999 0.3381491641182466
269336.03041114495 269336.03041114495 269336.03041114495
0.054905931618201814 0.00024148150841333323 0.07757238532110033
0.058285670238283085 0.0030538591583666673 0.2891994393476054
0.059553055930697776 5.661966640666668e-05 0.006273659531089493
0.06527423100047498 2.040389155333333e-05 0.1332238939857282
0.07277023549904352 5.5102443566666655e-06 0.43744718654434167
17213366536.272514 17213366536.272514 17213366536.272514
0.055608153149379946 0.00023758960123333327 0.03160084607543334
0.0626643744624924 0.00019304864431666664 0.3550906523955146
0.06663910512964 2.323386666666666e-05 0.34263537206931716
0.05524560816920457 0.00092728182732 0.014295076452599975
0.06480996844073364 1.0812423983333335e-05 0.009986411824670416
225014.7341148495 225014.7341148495 225014.7341148495
0.08692738156198028 2.7204179333333324e-06 0.07206150866462746
207415.8086986062 207415.8086986062 207415.8086986062
0.10543572631726102 1.2862454833333333e-06 0.14998661569826632
0.08206486434308646 4.958397266666667e-07 0.2088387869520898
204844.19384981267 204844.19384981267 204844.19384981267
0.0532373554968604 0.0011434175685333333 0.1721526809378191
0.056360331814054414 0.0014054280000000004 0.1426742915392447
0.09958671947530043 2.9694308646666662e-06 0.20596863404689048
0.056046218173481654 0.0018208510810666671 0.3023153312945981
0.07572103998112141 0.0006856699791568001 0.0019669622833835554
0.0663064862761585 4.379373388666667e-06 0.06031074413863413
0.05496303626325723 0.00027195964612333344 0.19410443425076496
0.0596254303816038 0.00017845244719333334 0.24692506625891886
0.07277393905433538 0.00027341682422999997 0.15387133537206976
0.08054661129042154 6.116793466666666e-07 0.05267350662589365
0.05557274507069383 0.001074361017369 0.2418943323139655
0.07462974417502402 5.410983233333332e-07 0.24497794087665659
0.057278486814236196 0.0004046221509866666 0.17038929663608338
0.06157171937202891 0.0002581577665666667 0.2652236697247714
0.0748069856638526 1.2417396593333332e-05 0.08108307849133656
0.0535350212811212 0.001716689316666666 0.08373040774719875
0.08411772715091546 5.949721963333332e-06 0.36787671763506635
0.05251595412713509 0.0007137045616666666 0.4648773802242596
362152.39551478095 362152.39551478095 362152.39551478095
0.05606291299324583 0.0013554275312 0.04309841997961161
0.052744667380525814 0.001813874692766667 0.4287591946992855
0.06098282640903237 1.6630557177166664e-05 0.0549029459734971
0.07405795424683148 0.001381443893 0.3594677777777777
0.07078471273192546 3.1702189716666675e-06 0.2685192048929661
0.057541440640651545 0.0019611479353333332 0.05135779816513786
0.057324084176669565 4.131444589999999e-05 0.1934775535168196
216136.51036357507 216136.51036357507 216136.51036357507
0.0608593283784237 0.0003534070679999999 0.04018295616717715
0.0591182000734779 6.205824766666663e-05 0.00026389398572845835
242240.83418280707 242240.83418280707 242240.83418280707
0.1274737190489123 9.180275733333334e-07 0.31992361875636943
0.06338322077614711 8.274087516666667e-05 0.27085993883792003
317261.67176350683 317261.67176350683 317261.67176350683
0.05405534983279069 0.0017360846565666662 0.3306017635066265
0.06017490883286683 0.0005180914069999998 0.47246967380224225
0.07023137153591992 0.00015813705258666664 0.1598900407747199
0.0759998659413054 8.191192210033331e-05 0.07739167176350703
0.05182707249384029 0.00051848577792 0.3812248012232411
0.06080660948478596 0.00019683232066666667 0.23682862385321224
0.06234034911385547 0.00022909404313700005 0.10056569826707351
0.08183760590735137 3.7790616133333334e-05 0.25183353720693313
0.05704144929886282 0.00019772620394 0.16826746177370033
205296.73377505952 205296.73377505952 205296.73377505952
0.06336463379964781 0.00022249652818333326 0.24950783893985617
0.05851399868324958 0.0010608540609113334 0.4435846992864425
0.05577310413069624 0.00256525694 0.30562783893985435
0.05541320608515887 0.0021901064519999998 0.06412303771661554
0.0648176703215646 1.926603624666666e-05 0.1754924057084617
0.3787443613176756 0.6827557156978901 0.32540538226299587
0.07573706231643536 2.4765359823333335e-06 0.27491625891947136
0.06109421704951171 7.446509006333334e-05 0.018996095820591474
287509.7986748213 287509.7986748213 287509.7986748213
0.05644268740784038 0.0007330691686000001 0.00451274209989716
0.058585871610232466 5.6546722666666665e-05 0.01617253822630005
280973.2033639145 280973.2033639145 280973.2033639145
0.08651177271889406 8.258291073333333e-06 0.24038382262996993
341584.7349643224 341584.7349643224 341584.7349643224
0.06610875504185532 4.2145305999999994e-05 0.057189541284403234
0.056341514735168456 0.00033046818206999986 0.07451232415902131
257206.795786612 257206.795786612 257206.795786612
219251.58851512094 219251.58851512094 219251.58851512094
0.0751806689088618 0.00010671922523333332 0.04372638124362993
0.06961833249523448 0.00015151850651 0.15020222222222213
0.05267809326377363 0.001945027078256 0.4606612844036686
0.06950683234919526 2.4680169266666663e-05 0.1680708562691131
0.057278779201491895 0.0010725516932999998 0.1948252089704372
0.057980041504287476 0.00022208466393666655 0.31669685015290616
0.054278876531668255 0.0012712563999999998 0.11565647298675019
0.0630206631868189 4.903028307093334e-05 0.1929898165137618
0.06381757829876014 0.000123455937909 0.06385155963302669
303385.61841658194 303385.61841658194 303385.61841658194
203949.07832144105 203949.07832144105 203949.07832144105
0.05724559477321574 0.0003075861658 0.1573243527013246
0.05901065966169894 0.0004374114327733334 0.11976565749235535
0.05329106970007728 0.00045327460390999995 0.3537224057084609
0.05980257528042868 0.0003399430766666665 0.3073430173292562
276463.6043153248 276463.6043153248 276463.6043153248
0.05508029948482077 0.00010905543300000004 0.12750738022425878
0.076969557052469 4.8968069640000006e-06 0.26697712538226304
0.05267388498831671 0.001749908221633333 0.43858559633027516
0.06771495930922114 0.0004594248048033333 0.12899374108053063
0.06578188261288356 0.0013571868933333333 0.08942570846075526
0.05215771033390777 0.0005428506086666665 0.33537133537206865
0.06142171562940161 0.0007672382806333331 0.4704578695208963
0.07449270469455711 7.550699533333332e-06 0.11992941896024556
0.08015294556170596 4.4760986666666666e-07 0.1239001019367989
0.06344804690672741 1.22260975e-06 0.06383331294597516
0.07561036186854427 3.8672291700000006e-06 0.30891050968399636
295842.5033978935 295842.5033978935 295842.5033978935
0.057703520494829255 3.723714373333334e-05 0.11718531090723738
0.1267062752508065 2.870248666666667e-07 0.35502896024464903
0.05449822888014958 0.0012648829837266663 0.07667482161059969
332941.1442405708 332941.1442405708 332941.1442405708
0.05175803850998113 0.0011806089846666667 0.09512825688073479
0.07360241709446125 9.181271521333334e-05 0.26559647298674705
0.05490388092790284 0.0006078256078 0.2373884913353712
0.40333757779734825 0.38910755671883596 0.08214445463812536
0.07590332144791181 1.061524230333333e-06 0.20577185524974473
0.08963126621174525 1.537141509666667e-06 0.3602767482161049
0.09332772468344841 6.710278673333332e-07 0.1658679306829769
0.058863485023481 0.0005124418091933332 0.025237420998980298
0.05338533746412451 0.000537603503 0.29487431192660374
0.057354530654095084 9.652463099333332e-05 0.32794810397553453
0.06197642369460077 0.0006622433889999998 0.3168090927624867
0.05627637084945565 0.00020272923033333332 0.04045220183486142
0.08028871294928311 6.372831416666665e-07 0.32573866462792855
0.05441351945869766 0.0009720946383833333 0.22868155963302783
330671.74651715916 330671.74651715916 330671.74651715916
0.05517226852124797 0.00026432416409999994 0.020810346585118378
297477.72680937836 297477.72680937836 297477.72680937836
0.12186464118931087 3.261394999999999e-07 0.35507861365953186
261786.24702684372 261786.24702684372 261786.24702684372
0.07295837055938358 1.919175246666667e-06 0.19264539245667667
0.05617375968992532 5.843203779999999e-05 0.1395035983690125
208136.5103635746 208136.5103635746 208136.5103635746
0.06661569629971664 7.101721736666666e-05 0.008212589194699138
0.05965834199984672 0.0013963992333333335 0.035648277268094386
0.05791417774419008 0.00141562945011 0.08808925586136462
0.054982414287763806 0.0012000942553333335 0.03100289500509623
205633.50322799943 205633.50322799943 205633.50322799943
0.05900243303719713 9.561774006966667e-05 0.029055219164116686
226441.4500509684 226441.4500509684 226441.4500509684
0.07208337368820271 9.317921266666665e-07 0.2645850152905198
0.05978401169068666 6.811781261333334e-06 0.022734852191641508
0.05680749730879008 0.0004997350276333333 0.40847731906218065
0.07594973965313878 6.913952753333333e-06 0.1689297349643213
0.05288726999788129 0.0010443963264999997 0.2807120387359845
0.05479802758411789 0.000551191072 0.10683094801223225
0.09571476894129086 1.1339328666666664e-06 0.015237308868500499
0.06221566830309037 1.904062833333333e-05 0.17467242609582057
0.05874164488706175 0.00022400838900000009 0.16764545361875616
0.07161279923465205 1.3116127513333331e-06 0.12531646279306852
0.06484017848044484 0.00024159812184999997 0.29734719673802035
0.05205133621891429 0.0009323052374736671 0.10161133537206801
0.052679343299023865 0.0004892269761666666 0.38518051987767477
0.09685011753467272 6.687190554333332e-06 0.0453728236493367
0.053183019632532136 0.0018431005266859998 0.30006482161060166
0.08336060492974971 1.3038291999999997e-06 0.30798389398572956
0.07741446611026488 1.23643982e-05 0.23005609582059083
0.0573202347680554 0.0008971806912800003 0.3940966258919456
0.0615300834943366 0.0002988343976666667 0.385633180428135
0.05527876662421475 0.0009998044399666666 0.15230197757390362
0.051930895202440944 0.001461020891633333 0.17564564729867405
0.0591182000734779 6.205824766666663e-05 0.00026389398572845835
0.08806824461229075 6.553814433333333e-07 0.43917696228338365
0.0955405539100557 5.166039766666666e-07 0.14314212028542306
0.05920679149528577 0.0001438080912933333 0.026113516819572524
0.05534437168401565 0.0030058052013153336 0.1936400000000007
0.08168990698728729 1.9086542104666664e-05 0.06035382262996736
0.08197789225543091 2.6285078866666665e-06 0.156246992864423
0.05431897855180019 0.0011085176996666665 0.36574343527013253
0.05249317433258841 0.00043297551453333325 0.2840942813455647
0.07355255130672352 6.96365908e-05 0.06544373088685163
0.05489250870380628 0.0007891544507999997 0.020408369011212013
0.37352398999163394 0.14968258933 0.04295629969418924
0.08211728357689752 2.0949643229999997e-06 0.16582908256880646
0.06826831375884118 8.328010823999999e-05 0.27404444444444476
220884.94733265394 220884.94733265394 220884.94733265394
0.36781575248732273 0.7782315260805933 0.31575971457696195
0.0741688680281466 3.7387192066666656e-06 0.232521763506627
0.06734709193117563 0.00016615631666666672 0.4204479102956158
0.05313159413880404 0.002346887244373332 0.41189040774719743
0.07277794884887812 1.3556191216666668e-06 0.10507927624872515
0.07731905219838509 0.0030110883300000003 0.023163323139654857
0.05828409586380515 0.001835844401893333 0.0014086544342499785
0.05919455383390278 6.147369976666668e-05 0.2291349031600407
0.10034040348536391 4.407765910666665e-05 0.1469131090723752
0.0658979954440313 0.00010956310955666671 0.005279347604485896
0.06120820918607535 0.00024371556572666672 0.2252636085626909
0.061342443038355045 5.091300620966665e-05 0.3285689296636076
0.07951882423537034 3.0870355769999996e-06 0.38694892966360817
0.07471963682606664 1.2569290000000001e-05 0.4323984403669716
0.05475616396163825 0.0011220707291999996 0.2928519164118244
0.05475238974644247 0.0008275972543316001 0.42117294597349675
0.08793431585805381 5.312588543333333e-06 0.335596055045873
0.06499878147774521 0.0008487839186900001 0.04286527013251629
0.05581236604303326 0.0004893680453333332 0.31706188583078454
0.05582592253311687 0.0011263152750666668 0.3364677471967381
0.05810901976387361 7.5470197e-05 0.03245222222222255
0.057035302471722574 0.0006337487830000002 0.24019430173292644
225620.83333333384 225620.83333333384 225620.83333333384
0.06768741545844484 0.0009139519563966666 0.1613237104994898
0.0924601931471108 1.203707e-06 0.04026937818552545
0.06846124014031052 6.842964766666666e-07 0.06853488277268127
0.0578266544842102 0.0019480408782589992 0.05523799184505673
0.08000374429370175 0.00012621897469333336 0.2220643730886862
0.08846460181363461 0.00012598519154 0.09542717635066111
246389.9974515802 246389.9974515802 246389.9974515802
0.05782769763127171 3.675867665000001e-05 0.02108812436289398
0.09662741934573459 2.4730605616666665e-07 0.11100591233435253
344681.3413183827 344681.3413183827 344681.3413183827
0.0633022442515433 0.0005433736192333332 0.046621111111111446
0.0549563280941087 0.0016321798939999998 0.04313228338430175
0.060917350932674474 0.0001515040532133333 0.28655727828746347
0.06059401123535513 0.0002502150753333332 0.05642949031600342
0.06673244137102718 1.4183540080666666e-05 0.23410246687054004
0.10737772338332399 5.295041233333333e-06 0.16058748216106045
0.057189942364649096 0.0007192116802666665 0.025252344546381256
0.05355691205699527 0.0010459894933616668 0.06084375127420927
0.37080721005559847 0.204715404666 0.274854597349643
0.06180627780435613 0.0004582429163333333 0.0010121304791037566
0.09075517996679512 1.3487276206666663e-06 0.04740854230377023
0.05627637084945565 0.00020272923033333332 0.04045220183486142
0.06101015186446612 0.0003791967708499999 0.3804106422018352
0.06759301562604965 2.7435608033333325e-06 0.1216735066258896
0.05941607038530982 0.0019706587599333343 0.05470202854230344
272520.58273870184 272520.58273870184 272520.58273870184
280462.6146788995 280462.6146788995 280462.6146788995
0.05523721246026473 0.00030778991750000006 0.12117864424057023
0.38053817383240524 0.009893164662833333 0.3840965137614676
0.058389816856559376 0.00018116924833333332 0.10546730886850009
0.05268660835508432 0.0008753984758133334 0.42917801223241536
0.07782483013145128 0.000445429531486 0.05067589194699362
0.07127972462917478 0.0004555453019909999 0.24956380224260943
0.05437956281907892 0.000286112246 0.30701990825688075
0.057589815272199085 0.0011450483299999998 0.025294638124361946
202032.43713897234 202032.43713897234 202032.43713897234
0.054525669488961793 0.0016610052070700006 0.08967443425076471
0.07494873541864307 4.155461409999999e-06 0.014674576962284913
0.07096260166338292 1.3087956066666664e-06 0.09801781855249736
0.05478646613503253 0.0005447568655433334 0.15371213047910404
0.05704144929886282 0.00019772620394 0.16826746177370033
0.06362704222786737 5.8366764e-06 0.29574800203873597
0.0648176703215646 1.926603624666666e-05 0.1754924057084617
0.06570410126688878 1.5108653124999996e-05 0.01705738022425951
0.060062120533871534 7.0053875666666665e-06 0.0022424668705385287
0.07434740115307373 0.0006462634565743334 0.2211525688073399
0.0711913786707982 1.0438844860000001e-05 0.06231514780835834
0.07749984904832728 2.4919380166666662e-06 0.37339908256880916
0.05569874085497739 0.0018616128666666663 0.05250564729867602
0.05545692113680592 0.00013205465766666664 0.22798034658511757
0.05300970329642788 0.0007787172517699999 0.2622498572884808
220084.32721712533 220084.32721712533 220084.32721712533
0.08118728715318431 1.718500702333333e-05 0.09899476044852218
0.09645103819397097 6.989133926666667e-07 0.17709821610601573
303280.52157662244 303280.52157662244 303280.52157662244
0.06105602128581389 0.00010909287898666663 0.12059255861365958
0.09571386022508872 5.0793389566666675e-06 0.0026954128440368486
0.05385034303391148 0.0003349949755333333 0.32520256880733855
0.08881993002056299 1.598602333333333e-06 0.017358134556575422
0.06498117091702985 0.0005419545091333335 0.19702542303771642
0.10292611239257005 1.5365700166666665e-06 0.25651207951070365
0.05606915134745508 0.0005917111783566665 0.19184031600407714
0.05190005468974031 0.0016563899570000002 0.4645395718654428
0.057354344384296874 0.000159270247 0.2185900509684
0.05874561940515436 0.0007853198981666667 0.17830746177370083
0.08263947652124654 3.8587676709999995e-06 0.22703793068297706
0.08120394585311252 8.712688499999999e-07 0.44475964322120354
0.06968992829307026 8.750537666666666e-06 0.3182574413863404
211775.33978933073 211775.33978933073 211775.33978933073
0.06271782048753582 0.0002821687769333332 0.33860544342507604
0.05488991134278146 0.00053596035111 0.2658447196738005
0.05807211656493275 0.0007273557257866668 0.30884098878695054
0.060105534387525375 0.00013869161706666665 0.0012435372069301565
0.05876390324359341 6.190822266666668e-05 0.1351390519877662
0.05538239010877909 0.0014861498003333334 0.2705922935779821
0.0586107008142878 0.0009266916063333333 0.07980430173292552
0.0546033430466288 9.20604720333333e-05 0.4168766462793059
0.09503011864917879 3.84619061e-06 0.1707673904179403
0.07729317044420428 0.0002654840279666666 0.24391423037716597
0.059684598205721764 0.00019547783299999995 0.25521295616717676
0.0648483507607999 0.00016935609746666666 0.1941542915392458
0.08679522198821697 5.172493593333332e-07 0.09941997961264093
0.053959641637159085 0.0007459255191499999 0.21344413863404776
0.05340830032902388 0.001066334460443333 0.21641725790010202
0.07119797915666407 6.742126666666665e-07 0.200717777777776
0.058479840221880866 0.0008035248493333332 0.19876410805300715
0.09084789861719018 4.141192350000001e-06 0.11275291539245602
0.06938387617757291 2.298760242666667e-05 0.3906603669724773
211916.87478763188 211916.87478763188 211916.87478763188
0.060237749297215995 4.0921222733333334e-05 0.048959337410805936
0.06046517304028213 0.0014764012766666668 0.43964552497451503
0.06525903067343977 0.0009516086070666671 0.36896181447502574
0.054866853543702354 0.0015192948856666661 0.45865488277268085
262694.0876656481 262694.0876656481 262694.0876656481
0.05400408637394075 0.0011719614476623332 0.22393334352701189
0.05788150683968714 0.0018513223274549998 0.05998831804281224
240642.89415562357 240642.89415562357 240642.89415562357
0.08006464746102696 0.00011050920653666666 0.11842480122324162
0.05942365283096647 0.0005973552660866665 0.2942846279306841
0.07675574876852109 0.0003241593839566666 0.11163983690112067
0.05584039524202344 0.0007415440599999998 0.4200855249745157
0.08038576988804103 4.500306466666666e-07 0.12028733944954073
0.0751806689088618 0.00010671922523333332 0.04372638124362993
0.05515274661495239 0.002363648961733333 0.13459568807339473
0.05781007159235799 0.000801261613582 0.23741481141692056
0.08677324460587987 4.6171668199999996e-07 0.258053598369012
0.0656396227805206 5.289721986333334e-05 0.13939058103975555
0.056079628250822904 0.0009304084119425332 0.2042541896024468
339299.9023105675 339299.9023105675 339299.9023105675
0.0809783068423569 4.399223266666667e-07 0.38205609582059097
0.05819957255344491 0.0004791016313333332 0.26798734964322213
0.06829035066345364 5.466808873666666e-05 0.1112848114169207
0.05527348690832708 0.00030360938141666674 0.1889218960244654
0.0763207189576296 0.00013108311246999997 0.10964613659531208
289403.21525654045 289403.21525654045 289403.21525654045
17866114403.669727 17866114403.669727 17866114403.669727
0.0726118594113915 0.0002780197550466667 0.40884928644240603
0.07660937754362125 2.0676491833333327e-05 0.15362268093781806
0.08206486434308646 4.958397266666667e-07 0.2088387869520898
0.0581509462524223 0.0001425381186666667 0.13771230377166033
0.05644140430219513 7.21306118933333e-05 0.06615730886850235
0.0794381479445136 6.048497433333332e-07 0.05755207951070407
0.08004928026098652 5.068866726666665e-06 0.41068638124362855
0.09342947564623667 1.4753072399999997e-06 0.09070828746177328
0.07849349782274173 6.465186833333333e-07 0.2353599490316003
0.07486743122369129 0.0007322682499066667 0.028969327217125418
208467.31651376138 208467.31651376138 208467.31651376138
0.05323226232709506 0.0004398680787999998 0.13742999999999883
0.05344655237634177 0.0006420142286333333 0.17292264016309922
0.06558565930288998 1.7446925056666662e-05 0.1309693170234456
244970.56150186848 244970.56150186848 244970.56150186848
0.05512266014152656 0.0002552099856666666 0.3185601325178391
0.05675305763545938 0.0010935564903333333 0.004495749235473578
0.0576901808229795 0.0004900933888666666 0.11670612640163114
0.053244170923910206 0.0010567802069133337 0.013769266055046359
0.05407307389154007 0.00161387993384 0.4797417023445467
0.06439030562531078 7.126670953333334e-06 0.1702490316004086
323923.30530071387 323923.30530071387 323923.30530071387
0.05990940856234328 6.461759166666665e-05 0.005156829765545989
0.06111720685324351 1.0699572433333335e-05 0.0005189194699273258
0.08159870868897015 1.4377957971000001e-05 0.1345024770642218
0.06809887941816231 7.327349666666667e-07 0.06880547400611459
0.051894872927464746 0.0006227377639999998 0.32914730886850174
0.06297432534108134 1.5801078223333335e-05 0.13363408766564877
331037.16445803567 331037.16445803567 331037.16445803567
0.07664652167316965 2.492519666666667e-06 0.40339885830784894
0.05321364228178038 0.0014525208290233336 0.2980759021406718
0.05318121915626454 0.00024993757333333327 0.04111802242609608
0.052766398332571865 0.0009409745961333334 0.24658120285423157
0.062052295675149874 0.0004890061773333335 0.27755916411824666
0.08320267478473456 7.309430622666668e-05 0.00867103975535155
0.39876922836614553 0.47847768348979325 0.09404464831804304
0.05482859631888818 0.0006140268502599998 0.2456146585117227
0.08789494974852285 3.1282454193333325e-06 0.1408307849133541
0.0747427962443221 1.987890186666666e-06 0.2150394495412855
0.06382502170961238 1.935388968633333e-05 0.3656956778797147
0.07906338798574271 1.9832197696666664e-05 0.10881514780835744
0.09499194465494697 2.3641219054666665e-05 0.28556036697247666
0.05723200453317452 0.00034541892099999996 0.057059836901121486
0.0651525162724216 1.978032313333333e-06 0.25230636085626923
0.07363941982485958 0.00451264127 0.35204858307849163
0.07976285190572362 1.0104926303000004e-05 0.44352324159021306
0.06987938864009438 7.4372266999999996e-06 0.38861341488277423
0.0528077320498879 0.0007350494136333334 0.12177495412844053
294747.9315324495 294747.9315324495 294747.9315324495
0.0594200981726182 0.0010261574634 0.3104951783893988
284007.4328916071 284007.4328916071 284007.4328916071
0.06029175130229869 0.0003010917053666667 0.36015453618756377
213540.46466190947 213540.46466190947 213540.46466190947
0.054091896351554605 0.00041889152086666676 0.02381298674821597
0.07264089297321089 2.163932600666666e-06 0.2059943527013246
0.053144779498607964 0.00010874401133333331 0.35241852191640977
0.05773391002463024 0.00029671135266666666 0.044259194699284965
0.055137721959531996 0.00041997549065333334 0.32640227319062154
0.07367839085842856 0.00028923818645999993 0.1378225993883775
0.39857441261794596 0.538010601316601 0.19487199796126387
0.06830187551877427 9.110702271666666e-05 0.0037518654434247622
0.09058929538613625 2.023251376666667e-06 0.08766187563710481
0.06791144251074624 6.534638235333333e-05 0.22649168195718605
220524.5837580698 220524.5837580698 220524.5837580698
0.05577855119392127 0.0010812790598099997 0.04725645259938904
0.08028077732014623 0.00023887131834400004 0.27812441386340403
229135.4782534827 229135.4782534827 229135.4782534827
0.05122304267966911 0.0012911947464666665 0.39970328236493335
0.06819003925967078 0.000405140354608 0.11081672782874552
250009.5395854568 250009.5395854568 250009.5395854568
0.1276729478410249 9.524818653666669e-07 0.3735276656472992
248702.50169894705 248702.50169894705 248702.50169894705
260339.14797825407 260339.14797825407 260339.14797825407
0.0717692398290319 3.076218886666666e-06 0.24335059123343505
236307.318212708 236307.318212708 236307.318212708
0.057034009891807694 0.0006652541168966667 0.14703742099898198
0.05926434661899678 0.00047316484207333325 0.18634426095820578
0.05752604799332657 0.0008098037764999998 0.16086445463812415
0.07706185397869936 1.8491190200000006e-06 0.32218077471967366
0.07171551694377772 1.6223313580000003e-05 0.08788694189602486
0.3374913555775778 0.0039249816386933345 0.43640083588175393
225777.2893306149 225777.2893306149 225777.2893306149
0.08881993002056299 1.598602333333333e-06 0.017358134556575422
0.0600040208955744 0.0006640079744666667 0.33953570846075376
0.059308151594890814 0.0006142868342666665 0.1543041997961283
0.054389050596699955 0.0005902538746209999 0.10099165137614552
0.05789453361085295 0.00042320861769999977 0.22000829765545316
0.06398764453300745 1.5882260186666667e-05 0.2471755861365943
0.055824185116466585 0.00027492578999999996 0.04834413863404796
0.07064148921714371 1.1249422500000003e-05 0.3155894903160035
0.12435870971266881 3.258650333333332e-07 0.3363235575942922
0.06442711692373981 3.4466928493333324e-05 0.06219371049948874
0.05287509047470055 0.0004234069445666666 0.37316143730886786
0.08007530530150997 5.074843033333332e-07 0.39623680937818584
0.0710203812146526 7.987418508666668e-05 0.13962234454638
0.37169464898365606 1.263842349311384 0.38726949031600544
0.05407996187922366 0.0008645128946666668 0.24411142711518918
0.10494290163136916 1.788310973333334e-05 0.10256472986748211
0.08376355083347276 7.00152913e-07 0.1685678899082581
0.0522005895184261 0.00037123211246666666 0.2870793985728848
0.05826705892060912 0.0010258796699999999 0.19432359836901014
210171.12215426393 210171.12215426393 210171.12215426393
0.052651468345333845 0.0018914044966366662 0.4584666768603469
224354.6296296296 224354.6296296296 224354.6296296296
0.06172673728906867 8.755583229999997e-05 0.06723595310907049
0.05731481909341488 0.001076755172965333 0.16171956167176393
0.05608413939847645 9.859489600000002e-06 0.22463855249745146
0.054456494793335176 0.0006934550699999999 0.3883239959225273
0.12148245348959992 3.251843e-07 0.31623908256880773
0.09956004064045626 5.1026307533333305e-06 0.276779969418961
0.3883525580362436 0.23235511904317596 0.32859012232415896
0.053213941879545826 0.00013887874701333335 0.40000589194699376
0.057280997456689645 0.00019263420000000003 0.002870224260957066
0.06469591279631148 0.0004469395381366665 0.477283180428135
0.05338375555154602 0.00047271669199333344 0.28001972477064196
0.07586211593752741 1.1632297500000003e-06 0.02352468909276162
0.05422937923158329 0.0013787628939329998 0.07371513761467874
0.05569485777885356 0.0014362443850000003 0.011756156982670962
258480.35592932362 258480.35592932362 258480.35592932362
0.05205795636287813 0.00071169636184 0.4640064627930678
0.05820164244986939 0.00010960838856333332 0.03956366972476966
0.05351434317122649 0.0006834173155766665 0.33890908256880703
0.059188420393506025 0.0014517876052 0.09081790010193602
0.0909391966449811 1.1527783566666666e-06 0.036343751274208635
0.05882872243344028 5.1419011999999996e-05 0.07465569826707563
0.05668778639717287 0.0004937594413666665 0.4728473496432204
0.0560835132763637 0.0003274161360000002 0.33808661569826715
0.09950351380069089 5.257047603333333e-06 0.008586901121305335
0.05463423517523228 2.9077791166666672e-05 0.19244021406727807
0.05397557529960894 0.0015771164266666663 0.47330086646279224
0.0530422633626566 0.00040692788894333335 0.12690100917430946
0.07040732916768491 3.23461097e-06 0.07697230377166209
0.0533411130992032 0.0008009091469300002 0.34121759429153764
0.07683282437810608 2.9593089299999998e-05 0.3886957594291549
0.07707581276963538 9.030961893333336e-06 0.12725908256880647
263790.328746178 263790.328746178 263790.328746178
0.054698033389719375 0.001944315328 0.09703458715596414
217505.3771661568 217505.3771661568 217505.3771661568
279676.8688413187 279676.8688413187 279676.8688413187
0.05302508334941261 0.0003805084723333334 0.3234262996941877
0.07410825825213548 9.01470206e-06 0.13804588175331212
0.05261111937439951 0.001868938300733333 0.4305061060142723
0.05732756268302171 0.000111054918 0.1686272171253833
0.07991708551683592 1.1618507966666665e-06 0.4178182772680956
0.05461077101142571 0.0005846327066666666 0.3665647196738022
0.054012397684959274 0.0009938671294266667 0.22513145769622733
0.061536022002366665 0.0005889517848 0.14799729867482014
0.06748424205915116 1.4990438133333328e-06 0.07661190621814429
0.0763464565542391 4.593121570666667e-06 0.32198505606524064
212700.3992524632 212700.3992524632 212700.3992524632
0.059663034354429725 0.0021638894294233324 0.36611117227319
0.05390287613087089 0.00015575809839 0.12135548419979614
0.055681352672166486 0.002128462986666666 0.057546748216104504
0.054746131010244906 0.0002684594418333333 0.32335510703364
0.07253720699903432 3.4372663533333336e-06 0.3577739857288478
0.055752661443413315 0.00011755907592 0.055041712538227205
0.07487642027566417 0.0011882384519366668 0.06679929663608553
0.060306178968189385 1.09339282e-05 0.04204066258919381
231089.4580360173 231089.4580360173 231089.4580360173
0.05222922528612639 0.001325884652706667 0.17810936799184418
214625.3185524971 214625.3185524971 214625.3185524971
227825.53941556218 227825.53941556218 227825.53941556218
0.059441085205477265 0.001083842678 0.007383282364933574
0.08679522198821697 5.172493593333332e-07 0.09941997961264093
0.06793645247865399 1.3896122953333333e-05 0.30160695208970445
0.09552610670175579 4.907008089999999e-07 0.13415286442405705
0.06154584046353021 0.001210868663333334 0.38016687054026566
208755.2709819913 208755.2709819913 208755.2709819913
0.08640318695691576 2.7575054050000003e-05 0.07511114169215105
0.05622783177782127 0.00028633190000000006 0.20404236493374173
0.07156268002367905 2.1529462299999992e-05 0.3510962793068306
0.05460190921521027 0.0020337249150000005 0.4247491845056053
0.05606971020140246 5.261859400000001e-05 0.16943040774719753
0.053543729681796506 0.0013698452333333335 0.10419299694189688
0.07072566946642236 1.5780977000000004e-05 0.16023830784913473
0.0643143081638445 1.5197385550666666e-05 0.12898275229357736
0.05399193864685983 0.0007433899557699996 0.0643523139653408
0.057984876506328845 1.1946442533333331e-05 0.3478858715596336
0.06722798349437623 4.476308133333335e-06 0.266621610601427
0.052806290198037724 0.001016929546 0.3184282772680933
0.058486511867158655 0.000115631111 0.01876358817533097
0.05980794950577717 2.872407333333332e-06 0.10689990825688112
0.06339094011092317 0.00015817639333333327 0.35734106014270983
0.08154917796722982 4.819746133333332e-07 0.19556013251783844
0.054759792352916975 0.0005645087672366667 0.06810492354739983
0.06816042729309946 0.004670468796666666 0.03769385321100893
0.10351050472411186 2.4849701266666668e-06 0.15873519877676
0.07708766433244736 6.136746852e-05 0.21840449541284457
0.4282126019672387 0.7339058131902366 0.09015914373088707
0.06149165233932781 0.0003920158 0.0066966768603475835
0.07314598012823166 0.00023878191514933338 0.34082397553516897
0.0821950309627332 1.4826284333333332e-06 0.4448582059123345
0.053276291004272704 0.0002404820762 0.23397962283384333
0.08237467803147161 3.00236043e-06 0.37974027522935705
230436.1196058442 230436.1196058442 230436.1196058442
0.055888035793249594 0.0005538360956666667 0.19008562691131559
0.06371335284752214 0.0014169083732999996 0.17754834862385493
0.07285546950555866 9.566239662999996e-06 0.10900749235473972
0.11413406124862056 4.197017790000001e-07 0.45019679918450395
0.05900376546376991 0.0005294790020298133 0.22348321100917357
0.054067499805249566 0.00129379176343 0.1793734862385321
0.06297975215842469 0.00039316903956666664 0.2137632008154946
0.059151516226652226 0.0008707932940033333 0.2968209582059136
276075.65834182804 276075.65834182804 276075.65834182804
211226.3761467891 211226.3761467891 211226.3761467891
0.07522382115360737 2.1906317133333333e-06 0.362298440366974
0.07339303546206513 0.0002866254259048333 0.2496766564729862
0.052316493651341944 0.0006088659149999999 0.34339078491335506
0.05849308781634447 0.0011377868999366666 0.22433716615698485
0.05626660973719229 4.107642466666667e-05 0.1238037206931697
0.05458429332233509 0.00011098253399999998 0.032098532110091504
0.06028284407285352 4.352994881e-05 0.11291941896024449
0.0654292164013159 1.5432819653333332e-05 0.26717097859327277
0.06061856966662559 3.579946424666668e-05 0.31554038735983614
0.05994973089521445 0.00026148159643666664 0.0018286442405721637
0.059287989490900674 3.5026162323333336e-05 0.10055279306829767
0.05413512140538201 0.00057004226078 0.2131397247706408
0.053789607963421505 0.001959136001195 0.4760884097859326
0.09129615309336131 2.103212856666667e-06 0.030038603465852187
0.07498585629625143 3.3295929899999996e-06 0.32193872579001015
0.06832901888114917 9.925992243666665e-05 0.17963599388379103
0.05425121340191959 0.0008979931409766666 0.04618718654434284
313081.7278287457 313081.7278287457 313081.7278287457
0.10778294932250083 3.023404403333333e-07 0.2938071865443419
0.06821212644810111 0.0002921975085833333 0.45011860346585264
0.051895935135126275 0.00036650627609999996 0.46607955147808333
0.08683176923930183 2.906068713333333e-06 0.02952155963302827
0.07208329675459457 2.433185595333333e-06 0.36655144750254687
0.10575703715486727 4.654230423333332e-06 0.33849109072375017
0.07052216883489063 2.49437024e-06 0.14354094801223294
0.07208955135951803 1.0289566e-06 0.11924609582059142
0.08938449615605673 3.15377894e-07 0.027542945973495492
0.07115734233962208 0.00040264698474 0.34947414882772687
0.06119934339688671 0.00034987406233333334 0.17302202854230364
110889340342.76248 110889340342.76248 110889340342.76248
0.05828669386592648 5.348883746433332e-05 0.07435793068297736
0.0731894738718897 5.586752573333331e-07 0.1951883384301718
264238.74023105734 264238.74023105734 264238.74023105734
0.053173515512128414 0.0010685024739333332 0.2702205096839969
0.08063246418430095 6.377529066666665e-07 0.41176699286442275
0.056514280663616995 0.001331942428333333 0.045834729867482604
0.05874174193809374 6.026755333333333e-06 0.211296554536188
0.05614465778827763 0.0009389198744083331 0.06918196738022431
0.05368587381516721 0.0005639438659333333 0.03410960244648198
0.0975171105520894 1.1707892e-06 0.0027503465851168585
205677.14492015 205677.14492015 205677.14492015
0.09109045383763535 8.357848666666666e-05 0.28969634046890835
0.09046457542299793 6.098252720000001e-07 0.44145877675840817
0.0598127972305064 0.00011763061306666667 0.37121995922527873
0.09181151576084555 2.297000353333333e-06 0.4678039347604477
0.09471343735360777 4.249423533333334e-07 0.16113491335371988
222912.41930003502 222912.41930003502 222912.41930003502
0.05542361061944752 0.0002576886479 0.2561211416921503
0.05842033255882421 0.00015452617171000002 0.21394338430173265
0.054891943362118924 0.00024857298333333345 0.09198452599388451
0.058736192346700536 0.0016990045004733334 0.09227400611620773
0.05595907004084939 0.00047714237666666645 0.13844254841998005
285696.75076452625 285696.75076452625 285696.75076452625
0.05824800070440901 0.00038608317000000004 0.374313700305811
0.108036102021763 2.564382476e-07 0.012220917431192913
0.06172546855562484 0.00022576770993333332 0.11330637104994912
0.057418436481336856 0.000299863417 0.07119153924566701
0.05749034703551799 0.000384020141 0.17959041794087582
0.09607496614878866 1.8130107266666666e-06 0.020890366972478258
0.09186526619674236 1.1894109233333334e-06 0.02345025484199814
0.07167100763704944 2.6358093300000004e-06 0.3508284097859362
0.1104365007850225 5.359343966666667e-06 0.4619622324159016
0.05924595421160912 0.0018719627360863327 0.045311090723751946
0.06066354077399741 1.1356855326666665e-05 0.06542448521916366
0.05410648594416141 0.0006046030993333334 0.08003413863404729
0.05191178739694187 0.0007104717992299997 0.46132616717635067
0.06327605478838483 0.000580879283333333 0.14837239551478065
0.05999060220444903 0.0001660184395 0.10454412844036742
0.07028292330698134 4.9545243889e-05 0.17131877675841123
0.05209530616794045 0.001760724067666666 0.45381715596330396
0.052244619247255986 0.0008360900486066666 0.3588613047910294
0.05264976152055119 0.0012564355944666666 0.2521861162079513
232712.39806320064 232712.39806320064 232712.39806320064
0.06379080540193663 3.6211364933333334e-06 0.22695887869520792
0.40276221201370466 0.40299068480672 0.10820314984709478
0.05883003271889471 0.0007179362446666667 0.054009174311927755
0.057989008116471334 0.0008582316257000002 0.06351671763506639
0.05451104163891333 0.0005674850789666665 0.05100137614678868
0.09424316349830053 5.225331703333332e-07 0.06178407747196735
0.07392499119108756 1.3622137876666666e-06 0.3463445259938842
0.07390887974387823 1.8564180803333324e-05 0.24374487257900146
0.09252262039087207 8.951388633333332e-06 0.28523160040774664
0.10392917500256 3.361653666666667e-07 0.08743912334352588
0.0532817194093963 0.0010373636836283331 0.22810902140672784
0.05814675636217584 0.00026565271900000006 0.37113895005096964
0.0518704875154539 0.0004207184884333333 0.36866343527013123
0.05413874656918978 0.0002663350449999999 0.45556710499490194
0.08406043067162774 4.1053815999999996e-07 0.39725754332314
0.05499708872595062 0.00023342983930666662 0.07751779816513826
0.08313374521174362 2.8252069199999993e-06 0.3395650050968402
0.05328584475519241 0.0011389749453666667 0.32625851172273146
298579.2940876653 298579.2940876653 298579.2940876653
0.05919336156624666 0.0018035703880399999 0.023237859327217336
225650.73479442744 225650.73479442744 225650.73479442744
0.10923628399767227 3.4683145383333337e-07 0.27679594291539145
0.05633105186573972 0.00020292977166666665 0.04051027522935868
0.0907777565865921 6.717989999999998e-07 0.38670468909276146
0.07949059944975218 1.174677023333333e-06 0.1811172273190622
0.10867076383216892 1.4417832533333338e-06 0.20642362895005073
0.0686914603259366 0.0005834013766963332 0.24399220183486214
0.07015947481864218 8.524504799999998e-07 0.2890972171253825
0.05934358068706102 0.0010857755966666668 0.012508552497451308
0.06004060758853524 1.4945286000000006e-05 0.09536066258919584
0.06928369428524213 0.00011136442126266668 0.01870498470947979
0.06457523086731345 0.0004785148600000002 0.042477319062180996
0.0524980241474903 0.00045687000199999995 0.4594102242609588
0.05360141592800112 0.00030821618700000006 0.21015337410805346
0.05301757828520736 0.0010428728722333331 0.27639705402650305
0.06254832860013433 0.00014056449001966664 0.30846762487257795
0.08327958223028933 2.9344310726666665e-06 0.3610560244648311
0.05368718223052822 0.0011673669075966666 0.16578521916411715
339775.51393136283 339775.51393136283 339775.51393136283
0.06673193031174281 6.888406823666667e-05 0.19532136595310945
0.10361885071385504 5.761196629999999e-07 0.15319651376146792
0.05547787299755457 0.00035478275733333335 0.30225934760448325
0.05529478660278882 0.0017073469698066664 0.11593395514781024
0.06604931962547485 2.342166037999999e-05 0.0897493883792051
270370.88430173293 270370.88430173293 270370.88430173293
0.05759320679580904 0.0028062058561666666 0.447645667686035
0.08375398691339574 4.935060666666667e-07 0.19027472986748206
0.056680408811988874 0.00022492289399666664 0.334854138634046
317781.6980971806 317781.6980971806 317781.6980971806
0.06445605239466863 0.0007476304943666664 0.3026302344546381
208032.0293917769 208032.0293917769 208032.0293917769
0.07531106934284755 1.2482615666666663e-06 0.05062674821610491
0.05539986020884598 3.758589066666667e-05 0.17927683995922505
0.09976979850479709 3.645199616666666e-07 0.009571192660550398
0.05348495000919129 0.0006575399856666666 0.31374392456676814
200186.998810737 200186.998810737 200186.998810737
0.06467713895423624 0.0007878918666666666 0.04756294597349564
0.06718219425497887 6.121276406666667e-06 0.18682374108053024
0.05588008651676775 0.0012423575246399996 0.1579603261977569
306720.26843357104 306720.26843357104 306720.26843357104
0.05525246494809351 0.00025627887513999994 0.2382459938837913
0.09369056492766273 5.989092603333333e-07 0.031698042813455896
0.07976014791092963 4.906314459999999e-06 0.1221131804281339
203503.0326197753 203503.0326197753 203503.0326197753
205748.6111111111 205748.6111111111 205748.6111111111
0.0938503764662989 5.197894373333333e-07 0.058740101936800126
0.10305790646758813 6.920584903333334e-07 0.014330713557594077
0.06311777270181762 0.00039235393747333324 0.05417851172273158
0.05273029287237463 0.0002405612482 0.25771767584097915
0.05933052131968493 7.576853078666669e-05 0.23652221202854218
0.058060075400640954 0.0002979408681 0.11742390417940962
0.06136805428870369 0.0001414875773333333 0.2023232823649339
210351.98776758413 210351.98776758413 210351.98776758413
0.07252796078440327 8.499220433333333e-06 0.3419988990825691
0.08237467803147161 3.00236043e-06 0.37974027522935705
0.07457009143711912 6.33450216e-06 0.16045259938837875
0.053929996888896874 0.0021600889226666667 0.24108182466870431
0.06933214992988486 2.4034549145999995e-05 0.004994566768601327
0.057161682587067365 0.0006361455148433335 0.176187726809379
0.05506408372674827 0.0005388474518999999 0.023845881753314035
0.11985524112283281 7.347369829999999e-07 0.29820028542303767
245335.7203533808 245335.7203533808 245335.7203533808
0.07232914200599738 3.6855981333333327e-06 0.27534925586136527
0.05893144733812712 0.0003759154267792133 0.06801155963302685
0.07704684879685386 1.0059406030533334e-05 0.11783419979612653
0.05516093695059846 0.0012897272061366666 0.37179010193679884
0.10051706976864241 2.637890744333333e-07 0.10931920489296632
0.06406849166674158 1.8222676893333325e-05 0.05730893985728924
0.3726873037760835 0.11728652231371332 0.4742817329255846
0.08472319286452482 6.270335600000001e-07 0.42255956167176323
0.05287077037312496 0.0011038514861466666 0.15352155963302794
0.07055021422558275 0.00022431721668933328 0.4510747094801213
0.05316707496828066 0.00043042641912333335 0.11321759429153877
277084.47162759065 277084.47162759065 277084.47162759065
0.08444532825655547 2.3405752833333335e-07 0.3631011620795115
0.05877238867287833 9.356705199999999e-05 0.00231998980632131
0.07710797457032004 4.206494106333334e-06 0.3321406931702344
211701.62249405388 211701.62249405388 211701.62249405388
0.10334550968526937 1.6696457533333336e-06 0.3789399286442392
0.08135417000246857 2.0166269966666674e-06 0.31695084607543356
0.41550778194539106 0.3081599902365416 0.15503326197757383
0.06824873322573757 6.0828196466666665e-06 0.08409592252803266
0.07544938019964664 8.307898236666668e-07 0.11129610601427187
0.06779792020809697 0.00015188726303333328 0.13889166156982746
285318.1065239558 285318.1065239558 285318.1065239558
220981.72358138 220981.72358138 220981.72358138
0.39586553975157257 0.021466568794774328 0.060095728848114316
320434.5183486241 320434.5183486241 320434.5183486241
0.07865373588119147 4.042846226666665e-07 0.3173493883792049
222635.60142711448 222635.60142711448 222635.60142711448
0.053737076640662435 0.0010315998876999997 0.04455033639143746
0.055575969692420096 0.0005274727897666664 0.421992222222221
0.06135809910135921 6.219329999999996e-05 0.005772782874617022
0.05856820965157609 0.00010517799500000001 0.08522564729867499
0.07729123101478547 1.5953843000666668e-06 0.3615887563710496
0.056204399479001826 0.001873246863333333 0.03105455657492362
236680.92507645278 236680.92507645278 236680.92507645278
0.08204548677555323 4.422296440000001e-07 0.30285788990825724
0.08786734009688901 3.576775129999999e-07 0.09832621814474996
271174.49031600426 271174.49031600426 271174.49031600426
0.09736623452166487 4.7219256300000005e-06 0.3685437206931699
0.05468736772003935 0.0010069509244333332 0.44642882772680803
0.053494816728675246 0.0011130128554000002 0.02159513761467835
0.07677917148842875 0.00023889607459999998 0.0663445667686049
0.0727406818129099 1.1334111767466664e-05 0.28914026503567847
0.05746683695448795 1.031993333333333e-05 0.07087401630988843
211969.36374447905 211969.36374447905 211969.36374447905
0.053855834011962735 0.0008076081970000001 0.060276880733943106
0.053362863716711874 0.0003723410544999999 0.15744213047910272
212900.9938837917 212900.9938837917 212900.9938837917
222878.36816173946 222878.36816173946 222878.36816173946
0.053793787017854415 0.00016801514053666673 0.2315236391437323
0.05311356369144852 7.047464700000002e-05 0.3039949643221207
0.08485318337320824 2.5859773566666664e-07 0.39072648318042935
0.062328651903587676 8.0129899e-05 0.027732364933742648
0.07694409573053809 1.6365555866666663e-06 0.09049056065239647
0.07378972822405927 2.4303993399999998e-06 0.25571509683995997
0.053782211535451555 0.0004889457428666665 0.20972372069317036
0.09724335944278209 2.6581163133333335e-06 0.39351395514780974
287616.2886510358 287616.2886510358 287616.2886510358
0.06204067928008908 0.00040269674765766665 0.3965862385321106
0.05525342201596539 0.0010171329598499998 0.009249184505605967
0.0597297225919738 0.0023407044351433336 0.1388751580020382
0.06458257463985025 4.028872506666668e-05 0.05780820591233349
0.08212990818675943 7.634472076666665e-07 0.37953866462792973
0.07151014845623518 1.71449276284e-06 0.13386455657492258
0.07712386952716646 0.0011368839746333334 0.06779635066259049
0.056921643005750124 0.0003448607506076667 0.04518929663608651
288604.54468229646 288604.54468229646 288604.54468229646
0.06383684996055213 1.4509154033333336e-05 0.13136011213048038
203698.8022426096 203698.8022426096 203698.8022426096
222515.80869860767 222515.80869860767 222515.80869860767
0.05198962062874482 0.0010972366720533335 0.12457628950051047
0.05344655237634177 0.0006420142286333333 0.17292264016309922
223270.7483860007 223270.7483860007 223270.7483860007
0.06183351955005363 2.394872521e-05 0.2912202242609565
0.08485318337320824 2.5859773566666664e-07 0.39072648318042935
0.057583444280685736 4.772089916333333e-05 0.05970121304791043
0.07738011935311812 9.324672899999998e-05 0.19415513761467862
4937574300.883451 4937574300.883451 4937574300.883451
0.05690069421011974 0.0006812472133333332 0.3954160550458701
0.052351609092880426 0.0016050730805766667 0.4779575535168199
0.07707336874398008 0.001408514329438 0.2195465341488272
314850.1996262316 314850.1996262316 314850.1996262316
0.05462426455651858 0.0025846417963666666 0.21566987767584056
316257.4159021407 316257.4159021407 316257.4159021407
0.07697281460069816 1.2129071000000005e-05 0.137761620795108
0.05330676702227184 0.0008866058972699997 0.26840269113149784
0.1242678042749801 3.9918043060999997e-07 0.34133677879714597
0.06680877418731035 4.154847660000001e-06 0.2473351681957192
0.07466649489441127 0.00024469025402900003 0.3078126197757385
0.07041348336399152 1.0486017439999998e-06 0.21164494393475897
0.052536484981562416 0.0007242412041766665 0.4681172579001025
0.06835819645757193 4.674803186666667e-06 0.21371887869520867
