0.09433588798373563 4.9337987473333345e-06 0.02873384301732873
238203.82262996852 238203.82262996852 238203.82262996852
0.058143687932275236 0.0005645078205966666 0.22657116207950967
0.05994189042073254 0.0005115810533333333 0.18442792048929757
227479.93544002777 227479.93544002777 227479.93544002777
0.07155175783233503 4.460541522966667e-05 0.18553308868501617
0.09078792745475486 9.517522815e-06 0.002632599388380452
0.09771724203791712 5.345971863333334e-07 0.1354620081549438
0.06716019542121501 0.00027091756202666655 0.13493487257900227
0.06334918624133279 1.946734225333334e-05 0.4004415902140672
0.06617574341626327 3.852362726666665e-06 0.07095812436289517
0.055940470893946714 0.0005488183711100001 0.004384913353721487
0.09950889351916717 3.724177826666666e-06 0.2453316106014265
0.05948533851284613 1.1422446666666668e-05 0.10193744138634164
0.05368972519194533 0.0002838404940000001 0.1794153924566757
0.05768306225952942 0.0021431406406666677 0.13847636085626736
208791.1994563374 208791.1994563374 208791.1994563374
0.05742086579558673 0.0019861256493333332 0.1051825076452606
0.06532743157823587 1.5851695461000005e-05 0.2812972273190617
0.05266266512235476 0.0007150644230999999 0.37494565749235376
0.12027487082607036 8.813682000000001e-07 0.25324220183486323
0.05958859615645007 0.0017422620406053334 0.0251442303771654
0.10457550877258562 3.9533888166666666e-07 0.19686046890927544
0.05309443962268634 0.00128786052799 0.33911312945973515
0.05970060945072875 1.7081641165666666e-05 0.22067085626911176
0.05497121802258165 0.0008109786551999999 0.4444649949031598
0.054600004459655765 0.000745618537533333 0.2332344546381262
0.060413863964770734 0.0011375148936343326 0.39495484199796094
0.05513877164678756 0.0009221131356966663 0.03761400611620713
0.13264669809557977 3.911281535333334e-07 0.4151999286442387
287902.9179408765 287902.9179408765 287902.9179408765
0.05865361641090397 0.0001651799179866667 0.07527862385321127
244623.92966360901 244623.92966360901 244623.92966360901
0.09648711706919127 6.016039721333333e-07 0.014998786952090892
221649.67295276906 221649.67295276906 221649.67295276906
0.42555036055793305 0.7484720616463363 0.05575511722731985
0.09730108463296766 2.0010490133333327e-06 0.024364709480122038
0.0522641190767098 0.00105004046 0.1672146279306843
0.06066520213503478 0.00027594573000000005 0.21328918450560863
0.056861095418441004 0.0004831142113000001 0.2797660550458687
0.09219171422644037 1.0245387756666664e-06 0.03858194699286521
0.06559286331198788 0.00023571720399999995 0.1205062181447496
0.05876850955758798 5.8482967e-06 0.12095598369011151
0.0984993798015519 1.6995184826666665e-06 0.14967128440366917
202934.8411484877 202934.8411484877 202934.8411484877
0.07759117385024661 9.43267344188e-05 0.3311919367991827
0.06180048061986927 0.0001974224233566666 0.3424817737003054
0.37152952193494265 0.73550672704009 0.47637761467889916
0.06059597100215533 0.000157382686 0.24714798165137575
0.07664288067077314 3.2956678966666662e-06 0.31891955147808204
209805.5428134551 209805.5428134551 209805.5428134551
0.054858759310645946 0.0024463362409 0.40779848114169237
0.06377873756835642 3.95412405e-06 0.06133798165137705
0.06393982363578377 2.9282096666666667e-05 0.1838262793068317
0.08292508001043145 2.2803297546666668e-06 0.18678012232415941
0.08174127621183208 2.9589773120000007e-06 0.3078330682976569
0.10763145303073736 1.1722726666666665e-06 0.41529892966360893
0.053976222655616884 0.0010311746366666666 0.1645304689092768
212990.13761467856 212990.13761467856 212990.13761467856
0.08255160823881408 4.053574600000001e-05 0.274510152905199
0.07736242398359741 4.828697666666666e-07 0.0419599286442387
0.39207172672761736 0.4637435301059911 0.4065070132517823
0.06873814942392012 0.00046329639599999997 0.4550951478083589
0.08042435253996157 6.557173666666667e-07 0.3622566258919484
0.053190769292626776 0.00043145943953333337 0.11307192660550403
305231.0822290181 305231.0822290181 305231.0822290181
0.05802066983564357 0.0011155896943 0.41393745158002115
0.09169444686812796 1.934589697666667e-06 0.0027513455657479646
0.055107304617744705 0.0008496944574176666 0.14289132517838965
325026.0406048249 325026.0406048249 325026.0406048249
0.1082725928253642 1.1566258929000002e-06 0.09545232415902172
0.06238601915902201 2.412349762966667e-05 0.28135028542303786
0.05515611183730473 0.000916105284816667 0.009899551478083968
0.09694168851484722 9.380143223333334e-07 0.004277645259938012
0.08192481205815055 3.8362694330000004e-07 0.3467065137614673
339872.03533809 339872.03533809 339872.03533809
0.0526244424381026 0.0011121038587000001 0.4595159531090718
0.12148434762070479 4.463689763333334e-06 0.42676705402650517
0.05295894068423786 0.00036626809199999995 0.4547863506625891
270504.2940876661 270504.2940876661 270504.2940876661
0.05312359423687758 0.000973066762666667 0.00669605504587345
0.09116718722270133 7.905752970666666e-06 0.05871486238532109
0.05450500842765659 0.002238823206333333 0.1784026605504585
0.09746636706904169 3.6765544033333324e-06 0.08842289500509715
0.07031924051437584 1.6201809999999995e-05 0.33811002038735927
0.05482289044402614 0.0003744550063333334 0.005682629969419928
0.051895935135126275 0.00036650627609999996 0.46607955147808333
0.07613124669646187 8.176203272666668e-05 0.006825514780834929
0.05145618143867832 0.0011378341306666666 0.39391785932721746
0.06239067341274636 7.676048400000001e-05 0.27395238532110033
0.06051100744703526 1.74266698e-05 0.24449692150866387
0.052767464313871686 0.001369190095663333 0.15170076452599623
301709.43764865777 301709.43764865777 301709.43764865777
0.05885859948758798 0.001999778930466666 0.0034349745158013256
0.05419265093386153 0.0015194688066666661 0.440954077471968
0.05433383616801727 0.0005164768773333333 0.30457114169215016
0.05302688204850192 0.0006007852966666668 0.3333090316004075
0.06905343431239933 0.0007538822362366664 0.2541246585117234
0.05270956207572497 0.0002727483343333332 0.30985889908256903
0.08545306559579804 2.743873609999999e-07 0.4086174311926605
0.07053285622524852 3.159024666666666e-06 0.005932426095820453
0.06312541132522756 0.0007390856123333331 0.16760027522935683
0.07340404615327874 0.0006950059065283632 0.35636437308868496
0.34215300257293657 0.003948461758696667 0.03635066258919606
0.0594661402478522 0.0016252954038 0.06528392456676713
354307.17380224273 354307.17380224273 354307.17380224273
0.0541564348561205 0.001252627363 0.2732458511722733
811683256.880734 811683256.880734 811683256.880734
0.05870628610257426 0.0013024587249999997 0.00037494393476134036
319945.20472307195 319945.20472307195 319945.20472307195
0.05173344649821672 0.001209734233666666 0.36515363914373156
0.052082491784647446 0.0011527815533433335 0.17123037716615697
0.05524944324694114 0.00026880490535 0.230351753312946
0.05743388278660706 0.0018001297126066665 0.45570607543323227
0.08500852781510711 9.867861266666665e-07 0.43833671763506654
0.065323630662528 3.295111170333332e-05 0.06153021406727799
0.05171635713820221 0.0006627301376666668 0.34004707441386284
332898.046211349 332898.046211349 332898.046211349
0.06853195619119257 2.1508039913333335e-05 0.32713460754332013
0.07187894090983245 0.0003682104473533332 0.3190588990825689
0.11821471946035553 3.7085426666666663e-07 0.3207745769622856
0.05491654096875183 0.0001742982106666667 0.38639056065239386
0.07357392002521224 1.6849612496666665e-06 0.3059657594291547
222109.7349643212 222109.7349643212 222109.7349643212
0.054825661695775255 0.0012032784238666665 0.09785989806320083
0.052457197492944266 0.0002181050183333333 0.4241807339449539
0.05160082679683997 0.00042667661489999986 0.3357299388379218
1.7976931348623157e+308 1.7976931348623157e+308 1.7976931348623157e+308
0.05831257166541892 0.0016978499436666667 0.027173323139652705
0.05870628610257426 0.0013024587249999997 0.00037494393476134036
0.05318769870741457 0.0004923843063333333 0.37718585117227343
0.05658976501641514 0.0004362926303666666 0.2473625891946991
0.060736103906826405 6.756019401000001e-05 0.10731555555555561
0.057320271099687584 0.00015417849913333328 0.3936401630988784
0.05256490562253823 0.001122139954833333 0.19716422018348645
0.1060627373596007 9.046436303333334e-07 0.1211945361875646
0.37156185671942377 0.5664957550128332 0.2514025178389394
0.06201872191713964 0.0005946543582439999 0.04311594291539089
202097.33690112186 202097.33690112186 202097.33690112186
0.0788185872983781 1.95455265e-05 0.029052660550459297
0.06467470279781225 3.6976707619999996e-05 0.03508951070336508
0.07111610935967252 1.7512356896666667e-05 0.2402330886850157
335843.01308188966 335843.01308188966 335843.01308188966
378708.92371729534 378708.92371729534 378708.92371729534
0.05554741514618444 0.0016419929896000001 0.1080107849133527
0.052964330054274214 0.0004878867851133335 0.2770306014271151
0.051784376565588874 0.0006079189305333333 0.46633930682976565
0.05551582061191621 0.0020962447689999997 0.06516278287461752
0.054641281192436275 0.0022779279899666667 0.13388966360856358
0.06826905567954059 8.338136636466665e-05 0.26460353720693197
0.3724758172247716 0.3482571863559999 0.45274936799184484
0.059567536188797024 0.00029343987799999995 0.3870425382262983
0.0826277462260773 8.073866123333333e-07 0.1489992864424048
0.05984071954828696 6.179464966666665e-05 0.0918918960244639
0.08721983996713245 2.148281864e-06 0.09547164118246654
0.37476975986693956 0.5541632158553166 0.4243300815494395
0.05571751479565752 5.601136666666666e-05 0.16828136595310905
0.05691396773217831 0.0012168752969966665 0.17898542303771725
0.059725765128338895 0.0009153195728666668 0.03334027522935834
0.07193017087328923 8.996609e-06 0.0928469826707441
219506.15018688425 219506.15018688425 219506.15018688425
0.0739788810920963 0.0001275842436666666 0.07785954128440276
0.13100560569270484 8.705283496666666e-07 0.44847671763506725
270436.9053686713 270436.9053686713 270436.9053686713
0.056711904439644724 0.0011885543266666667 0.127241794087666
266496.5044172618 266496.5044172618 266496.5044172618
0.051304231382021705 0.0013602121166666663 0.18703111111110893
0.054939217926936935 0.0018594464533333332 0.4685577370030596
0.05662039886657281 0.0022024867309676 0.1796703058103981
0.056266344369748235 0.0006700937574200003 0.1267150050968402
0.051385822298429286 0.0005543396674533333 0.24161884811416945
0.09563601261858384 1.1798215972333331e-05 0.07816487257899984
0.06010815642083785 5.982072300000002e-05 0.04529106014271367
0.07035861308454974 1.0506620123333335e-06 0.05497478083588181
0.0761406090050164 4.6530491900000007e-07 0.3895727420998969
0.051895935135126275 0.00036650627609999996 0.46607955147808333
0.10092960319963092 5.019441333333332e-07 0.20519260958205976
0.08678623789933791 1.80635861e-06 0.08491923547400759
0.05810124524132565 0.0007948470241783332 0.02683311926605514
0.0752836235313733 6.8751082596e-05 0.30907166156982635
0.09584989148784549 2.732735382573333e-06 0.10749019367991908
0.099499288513967 5.545571926666667e-07 0.08107054026503713
0.0564369728940356 6.819807733333329e-05 0.1825188888888909
222237.27913693513 222237.27913693513 222237.27913693513
0.052606444229709275 0.001374619239563833 0.38773547400611585
0.054248976041468416 0.00023438769699999994 0.07358614678898956
0.05651692652525897 0.00013388905 0.13273635066258826
405742.0107033638 405742.0107033638 405742.0107033638
0.23171860441322634 0.0002857692721226666 0.4522043527013264
0.07741220108210685 5.126086931666668e-06 0.2755372680937813
0.05576269227978847 0.0009851233396666664 0.03216995922528021
0.05469245606041362 0.00038753139333333334 0.10717160040774631
219829.12844036683 219829.12844036683 219829.12844036683
0.065951664181542 0.001766994228733333 0.12362397553516846
0.058433917251661804 0.00011181274051999997 0.29372713557594343
0.051895935135126275 0.00036650627609999996 0.46607955147808333
0.08065575789175128 3.515563756666667e-07 0.16295162079510694
0.09022225741752761 2.7230335686666656e-06 0.05039740061162101
0.05728293014743894 0.0014106635235 0.317634464831805
207671.51291199416 207671.51291199416 207671.51291199416
275563.8591573215 275563.8591573215 275563.8591573215
0.08101910617307279 0.0002813082339666668 0.331432293577981
0.05454163325929284 0.0007191843183409998 0.29384347604485184
0.07281303663403774 3.0730492933333333e-06 0.2226790417940867
0.05287738457930238 0.0010285818476512 0.19573871559633016
0.05785735740858792 0.0010642960951333335 0.14065452599388228
221477.99864084262 221477.99864084262 221477.99864084262
315519.04094461404 315519.04094461404 315519.04094461404
0.37286641420541516 0.5063638995961 0.3492399898063221
0.05653908996224521 0.0009148088055700001 0.09661060142711353
0.0539750973436663 0.0008906525386666666 0.30085302752293464
0.1008784314625375 4.7306117966666656e-07 0.3728595005096844
0.0819752230578347 2.5048393766666664e-06 0.13077798165137589
0.059805611347987855 0.0002641892765999999 0.37311069317023593
0.05294482915491098 0.0005453816118666665 0.4031865443425078
0.06717842456679031 0.0001957933208213333 0.32025442405708393
0.057417302418131325 0.00034689829510000004 0.10535699286442446
0.1010641123459024 4.2852589899999993e-07 0.14363790010193656
0.05418735961067267 0.001080527015787 0.19410422018348683
1.7976931348623157e+308 1.7976931348623157e+308 1.7976931348623157e+308
0.10301629343755705 3.9339683066666666e-07 0.15259606523955105
0.05251388200584831 0.0005176711476666666 0.44861775739041887
0.054330179995605146 0.00026376705433333333 0.47066752293578107
0.05783986976665163 0.0003439161232033332 0.288398216106013
0.06269464619092946 1.5951627444e-05 0.2879478695208948
0.05443601308888153 0.00023040630966666658 0.011654780835881784
309414.98046211334 309414.98046211334 309414.98046211334
0.06200850257036342 2.104883092333334e-05 0.009731906218147568
0.06138319299498788 0.0003745120211333334 0.029234046890928678
0.07902859426032645 3.02202306e-06 0.4729478389398556
0.05875893480658363 1.6423823393000004e-05 0.38304994903160194
0.0855797100088265 2.497225059666668e-06 0.3092783588175325
224869.3722392121 224869.3722392121 224869.3722392121
0.08527020055246615 5.458780860666666e-06 0.06672317023445373
0.05446552439905801 0.00031897581333333323 0.13125359836901218
0.08878558532207602 1.4118096666666665e-06 0.05266252803261873
256829.41301393104 256829.41301393104 256829.41301393104
204408.54145429842 204408.54145429842 204408.54145429842
238249.07832144081 238249.07832144081 238249.07832144081
0.051881085711724145 0.0006946824969999999 0.32766875637104853
0.05304626266628679 0.00022796550533333326 0.30792943934760464
0.053982933861978534 0.0009370198996333335 0.29920704383282404
0.06987705316479109 1.1051137999999999e-05 0.22352793068297716
0.1015810290768562 4.714080816666667e-06 0.43641891946992906
235827.6758409785 235827.6758409785 235827.6758409785
0.05294519665783122 0.0007394741619333334 0.43632552497451593
0.08161181071586128 5.767993563333333e-07 0.05786397553516842
0.0572124622745002 0.00016743670066666667 0.2973607339449522
227157.79391777114 227157.79391777114 227157.79391777114
0.05199347595804127 0.0003688461368333333 0.46758323139653424
0.05940937735200154 0.0010987487603333333 0.00877429153924636
0.10223599223121319 0.00017913084031299993 0.4294256472986757
0.056418902527335196 0.0009662577534999997 0.430477522935778
0.05857723357313534 0.00019937601836666666 0.30073485219164064
0.09301626325348639 3.186857278999998e-05 0.2951118756371054
0.07356473735688847 5.083384140999998e-05 0.08167389398572888
0.05178578314946295 0.000401633033 0.4550408970438311
1.7976931348623157e+308 1.7976931348623157e+308 1.7976931348623157e+308
0.06784384056219453 1.2540082866666667e-05 0.26041950050968365
0.09744563279606633 1.1414084000000002e-06 0.00019035677879619683
0.05449048806682436 0.0004094524639199999 0.38705461773700245
0.09485893567069925 3.0268476233333327e-07 0.12470074413863408
206991.0677879716 206991.0677879716 206991.0677879716
0.09738911311908943 4.46582618e-06 0.045739806320081566
0.1222783792391726 3.9511576e-06 0.33794021406727737
0.056460923796806374 0.00016910120954666665 0.3238954943934762
0.05304365190166567 0.000901569048167 0.07102977573904257
0.05310878598495697 0.0013279464498199998 0.1451408154943925
0.05388973139484047 0.00047428896307636655 0.051531314984710974
0.05739043234705006 0.0032454879299999998 0.2702382670744137
0.05353456464284826 0.00045940944489999996 0.2338695208970445
0.059051328425751295 3.42111662e-05 0.015145310907237253
0.05747904263083473 0.00015702527427 0.4069531600407741
0.05614216408124702 0.0007913120936666667 0.3614769317023456
0.056702905820443794 0.00022611831195566665 0.3291562283384293
0.054383327355863965 0.0005376401054666666 0.2500804994903172
0.05933107424468827 0.0012552230089599998 0.11380690112130543
0.10427163417970652 2.405158076766667e-07 0.007497624872580655
0.051881085711724145 0.0006946824969999999 0.32766875637104853
0.05200247014229982 0.0004495657169999999 0.2723741080530093
224286.47213727527 224286.47213727527 224286.47213727527
0.053724325276565 0.0009421388482033331 0.3380049949031605
0.11523026026964223 1.4109251173333336e-06 0.15330333333333357
0.08639596677134223 7.932486009666664e-06 0.17486981651376166
0.05870628610257426 0.0013024587249999997 0.00037494393476134036
0.05874114844204115 0.0015791734083333336 0.19403678899082566
0.07163024120410735 2.494446856666666e-06 0.23594400611620836
0.057116438444392695 0.0027038113666666675 0.4326858307849131
0.07413263323872406 4.6130500266666646e-07 0.14310230377166233
231733.04451240218 231733.04451240218 231733.04451240218
0.05798651898599268 0.0007864487539666668 0.25462733944953975
0.10671968532694201 9.455777759766665e-07 0.15535487257900016
0.05684400473730166 0.0007948344466666667 0.2647905402650368
0.3675246305595562 0.14597212178113003 0.4582986034658503
0.0728468498228257 1.4014176233333332e-06 0.365725606523954
0.0553575837855014 0.00038425177000000007 0.020920428134556968
0.0579355071790006 0.0013049946186666668 0.001036075433232586
0.07532959156322952 4.5362569453333335e-05 0.045282232415903234
0.07410708906495478 0.0002626548820333332 0.4560519266055032
0.053577732031045794 0.0004669738736666667 0.43969135575942886
0.057420628471000115 0.0007141023374429999 0.0856842915392444
0.08148994189863978 5.57173169e-06 0.12091475025484044
214188.9058783555 214188.9058783555 214188.9058783555
0.05958412642706726 0.00028121422095000017 0.11675993883792124
0.11511977300532968 1.2591829566666668e-06 0.3289214169215082
0.10907606614725865 1.184163937833333e-06 0.19529463812436276
0.05991133318529303 0.002097522794966667 0.06955682976554334
0.07198962549664237 5.8328347999999995e-06 0.30633741080530186
0.054897867573554415 0.0005782766106666666 0.04098320081549467
0.05582149769827271 0.002340429658254333 0.05347893985728769
0.08831304473174043 7.990097413333331e-07 0.04838587155963481
0.05451020240970287 0.000761295511833333 0.4767038328236479
385268741.0805299 385268741.0805299 385268741.0805299
0.0600859356617405 7.831521199999998e-05 0.022320825688073143
0.06070280497176031 0.0010644833896333334 0.2806987563710499
0.05523601985509318 0.0005843277033333335 0.008020988786951566
435327.7565409447 435327.7565409447 435327.7565409447
0.05927673133990681 0.0001064331628033333 0.034654393476045264
0.05559377819405124 0.00018450649013333333 0.1390316309887849
0.0658507792068009 0.0011576083970000002 0.05027144750254875
0.05413781476893135 0.0006297895056666667 0.3388329969418957
0.056076596683590885 0.0018691101046666662 0.45950706422018417
0.0701985643112943 4.057998333333333e-05 0.3584193068297661
291378.9203194017 291378.9203194017 291378.9203194017
266162.4193000331 266162.4193000331 266162.4193000331
0.05971099444213286 0.00014286256361 0.3801619164118253
214200.33554196372 214200.33554196372 214200.33554196372
0.0625036393699232 0.0008314252858300001 0.12882647298674899
0.0549287300863891 0.0021787952767666663 0.11754155963302759
0.058703250987313355 0.0007082887590000001 0.47626743119265935
0.07384187999661003 0.0004084185881 0.11721519877675801
0.057255798722304574 0.0007350160319038333 0.1514184505606515
0.06594689380147037 0.001317629217776667 0.02208390417940853
0.0610634599667487 4.843396566666667e-05 0.03054595310907171
0.36426575492729557 0.005466691091763332 0.42870484199796177
0.05728718155165764 5.388246033333333e-05 0.1214844036697249
0.06357472247639724 3.464326305333332e-05 0.05892509683995906
231847.8890587834 231847.8890587834 231847.8890587834
0.05629639763237322 0.0010971146725141333 0.15671467889908142
0.1118851239974382 2.657422684333334e-06 0.05061763506625816
0.05436888715824483 0.00035356160623333324 0.4477963098878699
0.11865496299211667 2.8122230000000006e-07 0.291414179408767
0.054615407760002614 0.0007203154416666667 0.08400420998980707
0.05294418794507878 0.0011496017855633334 0.24187729867482144
0.05543581339737649 0.00018589225086666663 0.4784709683995918
0.05428523053973029 0.0005508673361799998 0.014832324159022026
0.08778888412215069 4.4665383599999993e-07 0.08105404689092843
0.05445871756921557 0.0007462295744533333 0.23313209989806527
0.07146553454267064 4.016485491333334e-06 0.12301641182466838
0.05813152684988268 0.001797133799533333 0.001040479102957459
0.0649589806733264 0.0004156434248333333 0.09932754332314087
0.06135146682099957 3.578370714613334e-05 0.2752408460754343
0.08310034777449785 2.0185870100000002e-05 0.10561313965341457
0.05692276671525465 0.0003651899173333333 0.18524893985728808
0.05607245384792391 0.00041794733874 0.2325665239551502
0.05343146101690203 0.000984433796 0.10780696228338682
0.05414453879214202 0.0006142842765766667 0.09458026503567663
0.05277993648555104 0.0007136103188633334 0.4644975331294594
0.05226041505432025 0.0003631359084666667 0.4669796228338434
0.08760978751791032 4.065987991000001e-05 0.0666259021406721
0.06085010164857307 0.0005726367428000001 0.3088764933741075
0.06606815135170119 8.842686426666668e-06 0.25824144750254785
232059.9813115867 232059.9813115867 232059.9813115867
0.056375538617164336 0.0008939142983333331 0.12648709480122333
0.08205955517587966 0.00011566329430333335 0.19127262996941985
0.05679972816528847 0.00170670448465 0.32317978593272123
0.055576260898277274 0.0004015826689756667 0.020865504587154415
0.06383999986096311 3.445328453333333e-06 0.08094781855249789
0.0785062417784004 5.384111600000001e-06 0.31270475025484323
0.05762672210136769 0.0002304558533333332 0.29558290519877906
220198.1821270811 220198.1821270811 220198.1821270811
0.060563533840249595 2.7704818833333333e-06 0.07351982670744084
0.06936836181426889 2.223854747666666e-06 0.06256806320081543
0.10497461062589497 2.245077451666667e-06 0.2790388277268101
0.05350201019789509 0.000892682797333333 0.23735644240570863
0.052229716721481204 0.0005772761336666665 0.39729633027523015
239088.84216785632 239088.84216785632 239088.84216785632
207162.44903160085 207162.44903160085 207162.44903160085
253525.94291539286 253525.94291539286 253525.94291539286
0.062060000000909124 0.0008448597488166669 0.27336509683995835
0.3804718545833177 0.5201637492634807 0.2784144546381251
0.0557910122402665 0.0007915558503333335 0.4621724770642208
0.08576356901177157 4.6210527199999984e-07 0.30564194699286507
0.08459199934627751 5.552781326666666e-06 0.19658791029561717
0.0770823615714314 1.3278191833333333e-06 0.2824773292558618
0.05258589943897363 0.0008009368990766667 0.004767502548419511
0.05638218866493183 0.0003180683335333333 0.0644744036697249
0.06008135053047965 0.0005703406139333334 0.19784176350662674
0.05309269857633947 0.00031676968250000004 0.4457068705402647
0.05512810896747829 0.00075993968536 0.21499214067278416
0.10260755823191559 4.397511423333334e-07 0.41732861365952956
0.06711578663520312 2.13051219e-05 0.0666743832823653
0.05657834603155235 0.0025328860469203338 0.07842048929663648
0.05272723038201284 0.000993144485413333 0.01504829765545379
0.09003726539265688 5.32874792e-07 0.18258141692150875
277608.4862385324 277608.4862385324 277608.4862385324
0.07350912352976391 1.0503952639999997e-05 0.1299183486238551
0.052601294942421564 0.0007917301263333334 0.16256816513761452
0.07423458014661347 0.0002072645433333333 0.226097910295616
0.09406048299602746 2.6330545633333317e-07 0.012953496432211331
0.08427173470930849 4.5142455336666676e-05 0.47035530071355924
0.06263331482357082 0.00017336786961333334 0.04531834862385287
0.06852790747564089 4.4108103333333344e-05 0.0469517023445456
0.07386062464109273 0.001490006301483633 0.16645550458715652
0.116485351497091 1.8890526e-06 0.3260307645259939
0.08861507252024992 2.867449693333333e-06 0.45677491335371956
0.0934477819330057 4.11435648e-07 0.08967430173292579
0.12077728826642249 2.4004541286666666e-07 0.37069260958205774
0.07016026594766833 0.001109023115673667 0.004040846075433535
0.41526799156918326 0.3449729181907383 0.09824818552497616
0.07653411049676728 2.9841797505999998e-05 0.005869847094800651
0.09515213620137253 3.9803e-07 0.04209528032619847
0.052111910287147005 0.00048173233566666657 0.26485143730886884
0.0794417919049594 1.1466972066666667e-05 0.24102260958206
0.05857833115934914 0.001892329830616666 0.03609341488277362
0.053840475656898604 0.0003277506949999999 0.4460456269113129
0.05628644422774024 0.0016499105874333336 0.015302823649337327
0.051881085711724145 0.0006946824969999999 0.32766875637104853
0.09565359882859555 3.907768842666666e-05 0.06615563710499428
0.05578650203693306 0.00043059583199999996 0.42283801223241335
0.06612994964956742 9.783509590666668e-05 0.25526533129459716
0.06450769005593118 0.00020285226473699993 0.1894292762487253
0.07452528249579982 8.219772099999998e-07 0.1976727930682971
0.06200530082098894 0.0003063486441399999 0.404910591233435
0.06067851086927829 7.550915410666666e-05 0.09518821610601425
0.0842339663684473 1.602249167333333e-06 0.06398584097859361
0.06430391737162329 0.0027515504773969997 0.3881513557594287
0.10137597973089532 3.9606508999999995e-07 0.014793180428132935
0.07123786431217805 0.00022101682633333326 0.3534475433231403
0.08677322101104903 8.257855699999996e-06 0.47277158002038666
0.10218855501874949 5.137193666666665e-07 0.3120394291539248
0.39234318754103137 0.23649115235970666 0.3857002956167168
0.09446543374617129 1.3170551440000004e-06 0.053294903160041596
0.06747973804258323 2.130740759666666e-05 0.11646238532110198
0.09729036131118095 9.47232176e-07 0.4266499184505601
0.3312187547419867 0.0006942004116666666 0.11477426095820453
0.08843171422901508 0.00023524008138666667 0.23975440366972434
0.05828492210935258 0.0017421896694733334 0.06652586136595273
0.051881085711724145 0.0006946824969999999 0.32766875637104853
0.05327099285376805 0.0013339709931333335 0.4006283893985727
0.07263457687643685 7.178757733333331e-07 0.4624970642201838
0.06332072873726205 0.0009241610256266666 0.3042480428134571
229247.8890587839 229247.8890587839 229247.8890587839
0.07366621299384733 8.408247333333334e-06 0.4307370438328222
0.07397602501871339 7.889268870666668e-05 0.24874511722731807
0.07729074398651814 2.979198106666666e-07 0.28257859327217005
337551.32517838903 337551.32517838903 337551.32517838903
0.06332822599097676 0.0013396492342333335 0.2170488888888884
0.09933369892501019 2.4165120716666663e-07 0.06308392456677048
0.05916097588225925 0.0012982908359666667 0.46335485219164196
0.05563669101269875 0.0004457077720033334 0.09831236493374185
0.05958920505606113 0.0026941197153333334 0.20078258919470082
0.09293121458416774 7.771639240000001e-05 0.19543741080530097
0.07209118561573474 0.00013193379957633335 0.22566478083588182
0.05276693381672052 0.0003592485154 0.4634353109072378
0.060326601364214784 0.0006619476626666666 0.14796653414882766
0.056386975097347095 0.0015095625213 0.004309429153923183
0.051240197706030124 0.0007424768235666663 0.3938066870540249
0.05830282085024881 0.0013483047355666669 0.08702042813455657
0.08633518904603694 6.216917466666667e-06 0.18281701325178457
0.05352472268102148 0.0009897092183333337 0.28090492354739993
0.056999845324452195 0.001323280993 0.3823604791029567
0.0587591183692967 0.0016880257739999998 0.06815114169215075
0.05412652284759959 0.00035354282994 0.17611926605504502
0.07806431986619496 9.175067433333333e-05 0.1955071253822629
0.057056603015464925 3.609164251333335e-05 0.11622807339449448
0.06185948597709534 0.0008827829959533331 0.2724135779816512
0.0827406173639917 1.8579517599999995e-07 0.348902823649337
0.06085871569305415 9.14012e-05 0.04868430173292637
0.07015167286787923 3.578640044999999e-05 0.018604271151884788
0.05250296487121593 0.0010938900952 0.2558662589194691
0.0570665264901062 0.0006409285876666666 0.19143392456676844
0.0541725114591803 0.00042209345689999983 0.38814866462793063
0.0534568952469497 0.0004894878223333333 0.27097538226299633
0.060892138075815797 0.0005238990535399999 0.18855675840978714
0.06912293491737542 1.5169304035999994e-05 0.2213217533129468
0.051454528305409634 0.0007145171839999998 0.4623015290519876
0.09782143519676832 9.984077359999997e-06 0.006193068297656534
0.08316616410177302 2.822041257666666e-06 0.14781291539245656
274682.01664967684 274682.01664967684 274682.01664967684
0.08810081694013394 3.7649113200000003e-07 0.08658892966360954
0.05966141976575615 2.0932286666666674e-05 0.14847728848114228
0.0834321007389737 2.4871766899999996e-06 0.37471273190621757
0.05627826257963501 0.0006229471663233333 0.14895808358817408
0.07058218953081019 0.00012170213515333332 0.2118886646279301
0.058549991052948815 0.0013531440616666667 0.023982212028541117
0.051895935135126275 0.00036650627609999996 0.46607955147808333
0.0643662849333794 1.6480211299999997e-05 0.16564890927624942
0.05994251707263561 0.0016179036849433334 0.3988073700305801
0.0749298463898097 6.271392499999999e-07 0.31938872579001165
0.051971042618772716 0.0010010648718899997 0.2705682161060148
0.06382514329000644 0.002655501076697667 0.016391967380225303
278996.75076452654 278996.75076452654 278996.75076452654
1.7976931348623157e+308 1.7976931348623157e+308 1.7976931348623157e+308
0.08190209963176287 5.950487223333333e-07 0.2606712945973486
0.1159340100869098 3.293875666666667e-07 0.29033309887869585
0.10055260090523457 4.794906863333333e-07 0.39004418960244625
0.0879238221870464 2.07596459e-06 0.16813678899082563
0.11893702001988646 1.6603801533333334e-06 0.3237721916411824
0.06967820532920954 0.0025320961123000006 0.17228471967380177
0.05692161067944368 0.000210533236 0.061551314984710004
0.05153784882509045 0.0011913569006666667 0.3566436085626905
0.059467703258290164 0.00032916150945333343 0.046790275229357636
240855.78066598746 240855.78066598746 240855.78066598746
0.05963596091520021 0.001000716219405 0.13702515800203763
0.05265434237085782 0.00053369556009 0.03532055045871463
0.05239495094277746 0.0009273235953666666 0.4666296636085634
0.05182828899144265 0.0005877852233333337 0.39775349643221203
0.06120901088547477 9.857571999999997e-05 0.0004475535168189104
0.06088159409781083 0.003031429931033333 0.10656497451579972
0.10347241127631977 2.789766746666666e-06 0.43360283384301823
0.059255963315338805 0.0017778274316666658 0.04927144750254797
313030.8571185867 313030.8571185867 313030.8571185867
0.11624230421022609 4.608062713333332e-07 0.03696353720693146
0.097400919788848 1.10751422e-06 0.002022405708461239
0.1034365189323253 2.3316552937999991e-07 0.013137461773700565
0.06427248069170668 1.0997224666666664e-06 0.221868888888888
0.05624625207352477 0.000264893781 0.20464806320081363
342820.8970438331 342820.8970438331 342820.8970438331
0.07203064923971172 3.90347487e-06 0.1531978389398576
0.07818288842559801 1.633375646666667e-06 0.3213727420998973
0.051302973310082524 0.0011638309056666665 0.4047260856269106
0.05592222654151461 0.0009329503386309999 0.07795537206931824
0.1114773436362939 4.550956393333333e-06 0.10076311926605497
0.05155695688736084 0.0012658965939999999 0.21502371049949076
204536.62928984052 204536.62928984052 204536.62928984052
0.05708347019622931 0.0006750545788266666 0.03594375127420957
251409.87512742053 251409.87512742053 251409.87512742053
0.053989870482193905 6.401636700000002e-05 0.2300679204892968
0.05525923595622232 0.0026972903516999996 0.24474825688073443
251829.7400611613 251829.7400611613 251829.7400611613
0.08398667716924753 8.216860333333331e-06 0.41609675840978544
0.056292119828943624 0.0024967567170000003 0.36550088685015325
0.06352499425646244 1.4843685940000001e-05 0.023453516819572418
0.09452167552503798 1.7716820590000003e-07 0.10441436289500494
0.09623387597374906 3.1558846180000005e-06 0.2668538124362887
291826.2911994558 291826.2911994558 291826.2911994558
0.09229878582283249 1.2208104813333333e-06 0.1626055249745164
0.06441616754485258 0.0006968739229333331 0.32336955147808455
0.05919479294223106 0.0004292502718633334 0.05780550458715661
0.05182527801636479 0.0010959573487019996 0.18092814475025465
0.05347882977640435 0.0006390426219999999 0.1317972884811427
0.09480555314811878 3.16910433e-06 0.02749211009174335
0.051462838506060586 0.0007152547446666668 0.3942500917431193
0.12142916482176032 3.2582330000000005e-07 0.34788512742099886
0.051895935135126275 0.00036650627609999996 0.46607955147808333
0.08068922653979818 0.0003623013922049667 0.2152709989806323
0.05793677997810334 0.0009156376233836668 0.1325241182466863
0.11865496299211667 2.8122230000000006e-07 0.291414179408767
0.06766274218578645 7.071803181333335e-05 0.2588960244648324
0.05328512858689667 0.001047012664533333 0.0068824057084615475
222439.59819911653 222439.59819911653 222439.59819911653
203563.3069996603 203563.3069996603 203563.3069996603
0.055415551057894225 0.0023899446758 0.44334661569826794
0.058505795626852014 0.001600180060194 0.010301447502548022
0.06467916847866417 2.7533172879999997e-05 0.061486829765548645
0.06302595203090577 0.0002273076585 0.06256249745158016
0.054396461540401154 0.0005028867161333334 0.10798605504587
0.13898434696170686 6.818730303333332e-05 0.36593400611620863
0.3506744821384403 0.0011098591457 0.41867943934760454
0.05192838401578651 0.0006108394209 0.41770207951070404
204405.11382942606 204405.11382942606 204405.11382942606
0.07374851781769609 5.402579333333334e-05 0.23212375127421048
0.05353671467339131 0.0007836290186 0.21217330275229296
0.09911412667856084 1.1291197366666665e-06 0.010542966360855832
0.057194285887136 4.9116766333333334e-05 0.027119439347604413
0.13267492523993146 2.0748297683333335e-05 0.35213588175331134
0.060347211897162 0.0008270738269333333 0.07072792048929699
0.052578219380430204 0.0012040216382266664 0.3010065647298692
0.07517391123773694 0.0003853193245283333 0.39347523955147734
0.05791061889208907 0.0010732801866666665 0.0765372680937828
292150.14016309817 292150.14016309817 292150.14016309817
0.10453913692643947 2.2267268026666664e-06 0.04025833843017246
0.08681559050730539 8.863166969e-06 0.04600201834862494
0.05474133485668682 0.00165281911672 0.16673138634046802
0.056503604573144996 0.001490902025626833 0.1942413557594298
0.052808265686831724 0.0009348220840666666 0.383224892966362
0.05962588442815552 0.0007027099140000002 0.3184128542303766
0.057523894720311566 0.0008917223711233332 0.008522099898062852
0.059774125854156604 0.00013312822633333339 0.02093055045871628
0.05627621328498381 0.0007195853962959999 0.29238353720693144
0.057004822938366576 0.00033279448066666665 0.11793988786952081
0.08576574536787183 0.00014317476032266662 0.4016840468909284
0.1128769866642059 1.4522482933333335e-06 0.27233140672782774
0.08839340688611211 3.3885297666666653e-06 0.27879167176350617
0.06061892698863265 7.15769596e-05 0.24737245667686025
0.09141024792433564 3.7291695733333325e-07 0.08871668705402591
0.054351245320308474 0.0011389847296771002 0.22419954128440267
0.05517117915833084 0.0004864873363899999 0.09208748216105844
0.05594787504693802 0.00016926110966666662 0.21727821610601517
0.06358875918922802 2.3644376279999996e-05 0.4734265851172266
0.0758585772380527 3.497823573333334e-06 0.20676619775739002
0.05499412416974081 0.0013462924907999998 0.11178168195718463
0.052290711267318914 0.0003584266956333333 0.45952930682976545
241808.09123343538 241808.09123343538 241808.09123343538
0.052831657541995584 0.00119384884041 0.13471053007135625
0.0608719050007838 0.0004997486016666668 0.39316718654434357
0.07996715784026949 4.67008712933333e-06 0.15072226299694336
0.08662288965411087 1.5613764599999997e-06 0.2141328746177371
0.0752283536650622 0.00022843767460999995 0.28868749235473956
0.10263376860266304 4.5470973333333325e-06 0.06649968399592243
211853.46585117237 211853.46585117237 211853.46585117237
0.05669774442544776 0.0019415892476666661 0.391542996941896
258576.96653075068 258576.96653075068 258576.96653075068
0.05176710350603782 0.0008787167599999999 0.21567301732925648
0.0662272983220683 0.0002081683596333333 0.03307977573904308
0.08032166733743551 0.0001838637296533333 0.11604397553516677
0.3684777317534456 0.5699211121265 0.17153738022426124
0.055627657312957705 0.00030028992126666666 0.09530279306829437
0.09701534783480865 2.003530167966666e-05 0.3343277981651367
0.05190529884469001 0.00042052726566666675 0.4585427624872582
0.07113060066941275 0.00017924680099999995 0.30680525993883867
0.09134135854935715 5.414328333333333e-07 0.39073672782874613
264810.85626911314 264810.85626911314 264810.85626911314
0.06844697035204442 5.443442733333333e-07 0.006573588175332379
0.09087634526311486 3.816176693333332e-07 0.09719004077472038
0.054239111120107375 0.0002987131266333333 0.46438995922527937
0.36855876774488117 0.8404131746815197 0.24431703363914314
0.07166511639305617 4.4253553633333346e-06 0.21350922528032745
0.06527263374110115 0.000433304568037 0.1362370438328262
0.11071885721830946 2.1986398583333345e-06 0.15579661569826664
0.09603149928109399 6.032855156666667e-07 0.09146238532110074
0.0825880611019455 3.1093332506666668e-06 0.06857949031600485
229517.2230716953 229517.2230716953 229517.2230716953
259267.56286102647 259267.56286102647 259267.56286102647
0.06021271906192405 0.0013444562079999998 0.0032548725789998123
0.07705549747160655 3.492511207366666e-05 0.12770382262996716
0.05679609182004086 0.0005853212589766668 0.23818823649337384
215981.57492354698 215981.57492354698 215981.57492354698
0.05605377792197537 0.0005017658065333334 0.21120973496432294
0.062423391997331816 9.368584733333333e-06 0.0331016411824665
0.05714857286856667 0.00013594433372666665 0.29117521916411837
300616.66241929994 300616.66241929994 300616.66241929994
275351.10431532474 275351.10431532474 275351.10431532474
0.07307729873244287 0.0009789724866666662 0.16448406727828635
0.05387381432037637 0.0002193558801999999 0.37820882772680875
0.09749560262139023 1.4443154550000004e-06 0.2993252497451593
0.05253206249617455 0.000991976302886667 0.2601180632008142
0.09472455082219831 2.3803435599999995e-06 0.019859001019367994
0.058417575092254016 0.001300928747 0.19633556574923494
0.05346676912023451 0.0010951068507999999 0.27603895005096923
0.05724709639815902 0.00028206469566666664 0.34829771661569797
0.05576143050569197 0.0010147379962766663 0.13622227319061997
0.08585255844744306 6.5388273633333306e-06 0.275235056065239
0.07925971896947814 0.00010342645518433334 0.42882124362895
234680.15630309246 234680.15630309246 234680.15630309246
283967.00645599695 283967.00645599695 283967.00645599695
213662.4277947672 213662.4277947672 213662.4277947672
0.0799353833898562 0.0005596687644356664 0.35423517838939933
0.0716448212971671 3.8540462273333315e-05 0.11037655453618722
0.05236561458276534 0.0005284516592 0.33683450560652384
0.08082967163309296 4.5274693159999995e-06 0.26444658511722796
0.05275916513718285 0.0011865271286816668 0.2896676962283382
0.058555754036562546 0.0013325966585766658 0.4168179612640164
0.054228039155413736 0.0010078924526666663 0.020086279306829713
0.06293254130825117 1.1089858e-05 0.20008667686034753
0.37041597843795 0.45592390310333325 0.08719130479102954
0.07581150767977599 1.1562979666666661e-05 0.11393827726809391
290340.1036357462 290340.1036357462 290340.1036357462
0.06434529966881655 7.213829e-06 0.2614755351681981
269436.70149507315 269436.70149507315 269436.70149507315
0.0547083325051311 0.00013759319666666663 0.029284791029561497
385392.6817872919 385392.6817872919 385392.6817872919
0.06753492156057686 2.585344395e-05 0.3086396941896017
0.09537818781091911 2.055532446333333e-06 0.029490509683995914
0.10042868173637437 2.3826854683333332e-07 0.000866167176350352
0.058711475742187304 0.0012263850478633335 0.38612652395514946
0.06079194250765688 3.6966291533333334e-06 0.09883427115188503
0.07119751306383902 0.0004890101304896665 0.45978375127420934
0.07712652688027218 3.000166063333333e-07 0.23693853211009142
0.054630181444159945 6.940892333333335e-05 0.18026644240570677
297121.78049609275 297121.78049609275 297121.78049609275
0.10384590759278624 7.540294376666663e-06 0.1447343527013234
0.07755752245137533 4.3413193380000013e-07 0.269590998980632
0.06430395647411376 1.2363959999999996e-05 0.1440005606523962
211470.36612300374 211470.36612300374 211470.36612300374
0.05232686749366111 0.0009502682866666664 0.020908746177370485
0.06780155278637182 0.0007488657152333333 0.28548249745157905
0.05859215790015189 0.0010967644816799998 0.45315237512742135
0.059892474295530684 0.0008838175911033331 0.14660240570845895
368068.5100237853 368068.5100237853 368068.5100237853
255966.37784573616 255966.37784573616 255966.37784573616
0.08063323781182022 0.00021084210734433336 0.470346167176352
0.059564106962155305 7.479457790999997e-05 0.3432651274209997
0.07784456977180187 0.0002648748589600001 0.31447440366972446
0.05496594780741363 0.0003635408499999999 0.24251232415902058
0.05671097407131438 0.0003187166150233331 0.1300377166156963
247481.16292898392 247481.16292898392 247481.16292898392
0.08189351889491588 3.514665903333333e-07 0.13353428134556555
0.0554350088306359 0.00016666550833333333 0.2015058715596325
402861.30224260996 402861.30224260996 402861.30224260996
0.08738498341596249 2.1984934899999994e-07 0.38300103975535027
0.05656689940248331 0.0011322614723366664 0.3148836697247699
0.11252200710403944 3.2962053333333334e-07 0.251775677879714
0.09707192176458446 2.434548102666667e-07 0.0306883588175344
0.0532152545921937 0.00037505996233333326 0.2107312640163106
0.05697589308915733 0.001421928944893333 0.11465805300713638
0.05932370573076029 6.387806951000001e-05 0.37374062181447565
216087.4108053008 216087.4108053008 216087.4108053008
252252.25959904908 252252.25959904908 252252.25959904908
0.062039377095345676 0.0003008011597383333 0.38615732925586155
0.08692716683735857 2.2821637366666664e-07 0.43618405708460806
0.3946785110167932 0.3228725529255601 0.10820904179408641
0.052684599792209144 0.0006821963173333334 0.3578953312945985
0.07929331124822195 1.3098530133333334e-06 0.061263160040772036
0.053941326427253466 0.00043631171833333334 0.3396066055045863
0.05570363543051892 0.0006384629271566663 0.24314110091743002
0.054808065702125444 0.00013173898466666673 0.07084976554536127
0.05372920702598334 0.001180465300566667 0.4113982976554529
213174.31617397198 213174.31617397198 213174.31617397198
0.09990840405795956 2.3028970896666657e-06 0.38066942915392454
0.10024260380436492 1.193132433333333e-06 0.03696716615698259
0.21894805639600398 5.663223049999999e-07 0.1221883078491337
0.052450514154903274 0.001548222110266667 0.24263607543323218
0.06370472233291691 0.00061940587032 0.28926761467889994
0.06318011318154677 1.4013273833333332e-05 0.45577043832823616
0.05774391817989243 0.0010750654834417333 0.06888924566768617
0.0767978481795587 8.829133783333333e-07 0.11306860346585124
0.07201942507040682 0.00041564385062666664 0.3697240468909282
256480.83163438697 256480.83163438697 256480.83163438697
0.11525921931483314 3.728898346666667e-07 0.2877891437308877
0.05874740426617138 0.0010429659556766666 0.13452033639143846
334064.5939517495 334064.5939517495 334064.5939517495
0.07267859932556134 1.1446821780000003e-05 0.3996839959225298
207757.7387020042 207757.7387020042 207757.7387020042
0.052775162635871814 0.0012160309201999994 0.15000265035677884
0.054612860205546156 0.0020521632534333334 0.13209324159021385
364219.34675501165 364219.34675501165 364219.34675501165
315990.43493034306 315990.43493034306 315990.43493034306
0.05388890882936174 0.00030413341666666666 0.03504989806320058
0.1058491381744951 4.596549843333334e-07 0.2537737308868504
0.05956243816059362 0.0011975276037899996 0.13623113149846944
0.09317314500359437 7.336223473333333e-06 0.059982048929663634
234334.16156982668 234334.16156982668 234334.16156982668
0.05968308007757091 0.00012946703833333333 0.35046897043832725
0.056511564823383514 0.00022786106826666662 0.12507202854230393
0.07261683503783432 4.918968333333334e-06 0.09194385321100995
0.08461231509705372 9.71467784e-06 0.029103211009173346
0.07749390718170668 2.567864966666666e-06 0.41112323139653495
0.05178722466375188 0.0015240112149733332 0.2833708460754316
0.06010345006217606 0.000881342729533333 0.1349846483180417
0.11092224917285241 2.9743096153333337e-07 0.058832497451581034
0.08666538031512952 7.518615023333334e-07 0.1282790112130474
0.06595301376138277 0.0002834362310000001 0.05512864424057051
238637.3258579686 238637.3258579686 238637.3258579686
0.053847038256163327 0.0005329773486666666 0.018027359836900736
0.05828709303299887 0.0010475706188299997 0.06255459734964486
0.059370564701974694 1.1725520999999996e-05 0.020080581039755074
0.060746506526876666 0.0009886762780666664 0.3297988786952075
0.05872432993271366 0.000554469345 0.14398387359836828
0.06903777706271141 2.9244491523333326e-05 0.14560004077472088
243105.8656133196 243105.8656133196 243105.8656133196
362321.0711858646 362321.0711858646 362321.0711858646
0.059358130911111265 0.0017465301644110003 0.012424903160040746
0.08858566009725699 2.8635220153333326e-06 0.012332069317024352
263457.19503907586 263457.19503907586 263457.19503907586
0.08799167181146182 3.926659766666666e-07 0.40424182466870473
0.11961342393507157 3.263398666666666e-07 0.30751119266055094
328956.49847094767 328956.49847094767 328956.49847094767
0.0579707908016012 0.0009380561185266667 0.01348765545362074
0.05827941518277239 0.00026918466638799985 0.3362810499490303
0.1017585349921987 1.8377160596666659e-06 0.02531715596330386
0.06964015099837628 4.291957144333332e-06 0.35184300713557626
0.0978876713145107 7.997017893333335e-07 0.035204709480122
0.06385856092425053 0.00012985982103333338 0.4324050152905199
0.37082920901787203 0.18448774561701867 0.425591498470947
0.07962779945729473 2.5285078999999995e-06 0.4386869113149865
0.051261607293615175 0.0013935133815333334 0.424765208970439
0.05280453963760119 0.0004421319521999998 0.3248152395514783
0.05527750371676358 1.647859863333333e-05 0.12248954128440248
0.05466233181731313 0.0007173884133333333 0.3192796228338426
0.37261012690471357 0.1996652227354533 0.31793605504587186
0.0551808844883103 0.0018877794796666669 0.4441514271151883
0.07382232502689075 2.1519770333333336e-06 0.26528352701325053
0.10371607777301316 1.4364064899999997e-06 0.19217873598368929
0.09771609352032117 1.1939127136666664e-06 0.05808905198776726
0.06028248805571641 8.613035333333334e-05 0.3410821916411826
0.08865235572998498 1.8401082966666666e-06 0.07975046890927606
0.06133449613565385 0.00034962139962333333 0.1860911926605504
0.07016570040844201 0.00032662467453999994 0.47122818552497314
0.08802531930685922 9.418468413333334e-07 0.3649312945973491
0.10231081529000122 2.6828688733333336e-07 0.44794136595310907
0.3687668316740584 0.1495924727273333 0.39175480122324213
0.05496135209217493 0.0021589341633333333 0.47789324159021396
0.08540893256375821 5.203530849666666e-06 0.08282525993883727
0.05590502163706282 0.0003784945519333334 0.38158898063200963
0.06252198448878188 5.128641763333333e-06 0.12058544342507593
0.054111929866591336 0.00023579326499999995 0.23111633027522993
0.08713946221376023 2.555771686666666e-07 0.048490703363915255
0.06097173085008152 0.0006193413333333335 0.4025827217125393
0.05402887299172391 0.0013072341650666665 0.1020172375127415
0.05308643422333329 0.0016028024222659997 0.09750369011213023
0.05769142956909948 0.0018089598351793343 2.3496432210112772e-05
200573.33503227914 200573.33503227914 200573.33503227914
0.0939716035773513 1.2653551126666666e-06 0.020638318042813353
0.10275983338095973 7.415140286666666e-07 0.01007046890927521
0.08778814674505848 3.508449729999999e-07 0.3951351580020397
0.07177279400413239 6.477780366666666e-07 0.03154782874617679
0.06405371292871472 0.0009212168002833335 0.21035795107033461
0.05807479058702173 0.0003501129155615333 0.13090601427115178
0.10423545623542044 2.7018486e-07 0.3141808970438329
0.05181572014019749 0.0008382303639333334 0.42950565749235503
0.0602798496825282 0.0006066557486503333 0.00277811416921514
0.056969064614939446 0.00018305868199999998 0.048852293577983374
291841.8535507987 291841.8535507987 291841.8535507987
201830.26248725745 201830.26248725745 201830.26248725745
0.09097565110844892 8.337815433333332e-07 0.06617681957186594
0.3687144002792941 0.4919749117716665 0.39475143730886986
0.05542397544938663 6.777046985333333e-05 0.008859918450560667
0.07937400569663347 1.0468637799999996e-06 0.014638002038732889
0.09887779991276494 2.08878255e-06 0.019281936799184773
0.05445600620485361 0.0006341969258800001 0.09849643221202964
0.07723951748147435 0.0004293768010633334 0.153933700305811
0.05592665272772482 0.0010926447739100001 0.0555379102956155
0.06501235630983378 6.131458068666668e-05 0.09148253822629693
216105.96330275267 216105.96330275267 216105.96330275267
0.05396310300768377 0.0004198694201333333 0.3889177879714585
346563.8506625892 346563.8506625892 346563.8506625892
0.056109454235789905 0.0022430177886999998 0.1272826401630991
0.06372005290519148 0.00027091303499999993 0.4368913353720698
0.062000727723060714 0.00039194589373719996 0.43883375127421087
0.06389857465523499 0.0010722180232466665 0.15326444444444398
0.05125461644216888 0.0011608600814686668 0.22960998980631997
0.11341957119731708 3.4307368766666674e-06 0.2767080326197746
0.061910478738973374 6.020444633333331e-05 0.2528124566768599
0.1402810920369082 5.377222623333333e-07 0.4416083078491335
0.053001729830567834 0.0011082464506125666 0.22519249745157932
0.05932532726910721 0.0007174216 0.19945846075433193
0.10042868173637437 2.3826854683333332e-07 0.000866167176350352
0.07878938041852404 0.00025307087528699993 0.4596963506625906
0.11731219780123976 2.807034666666666e-07 0.3027750968399592
204921.23683316298 204921.23683316298 204921.23683316298
0.06101523036995245 0.0020255958510000003 0.018696564729865806
0.0676643279181477 0.0007930406576699999 0.10839138634046863
228034.9260958199 228034.9260958199 228034.9260958199
0.052581088922984076 0.0005980103396666663 0.07317663608562874
318911.8459055391 318911.8459055391 318911.8459055391
222257.49235474 222257.49235474 222257.49235474
0.05794138136318616 0.001734511059533333 0.006383771661568449
0.11406803511101085 3.9852684733333336e-07 0.2525184913353722
0.06646135060205616 0.0009259085190000002 0.04666608562691188
302665.49864084215 302665.49864084215 302665.49864084215
0.07447876233628839 5.281047756666664e-05 0.22685623853211068
0.057519990490273044 0.001467215032 0.04122124362895141
0.08378984467029456 2.57729005e-07 0.39552304791029513
0.05970027367935071 0.00027972907231666675 0.04156531090723803
0.10042868173637437 2.3826854683333332e-07 0.000866167176350352
0.06219496560677739 0.00011214926909333335 0.12384243628950076
0.0668889810829661 1.4239317933333334e-06 0.1515852599388392
0.05716142365567267 0.001485185558733333 0.07696819571865499
340726.66921508644 340726.66921508644 340726.66921508644
215448.44121644567 215448.44121644567 215448.44121644567
0.05376116212994393 0.000541126034 0.09403794087665718
0.05875034707018441 0.0011721941323333332 0.0009731396534151671
282337.7888209311 282337.7888209311 282337.7888209311
0.05394942466150916 0.0006615333029666666 0.18093724770642172
0.05785907876679852 0.0017726097574999997 0.006325300713557969
0.05140977743324582 0.0012360738666666667 0.14897742099897826
0.06359045167095896 8.927690387599998e-05 0.46532925586136553
0.10599666299337612 1.37030207e-06 0.07674907237512674
0.06210633422681218 0.0010016307169200005 0.2513794903160038
0.09370959418133076 6.452167423333332e-07 0.018110805300714627
0.06960396955635398 0.0005736231143 0.37374841997961283
0.06021271906192405 0.0013444562079999998 0.0032548725789998123
0.3938874853141594 0.04676160302715399 0.29737615698266984
0.06911881389955421 2.6413105909e-05 0.30613609582059054
0.09036431581355397 9.544949289999998e-07 0.010346727828747682
0.10042868173637437 2.3826854683333332e-07 0.000866167176350352
0.41746423979309466 0.10735946603360165 0.003829388379206211
0.07901178737235506 0.00019403518310733334 0.060070774719672926
0.05898050039821208 6.771162666666668e-05 0.081176055045872
0.3789769044575119 0.3081854281737467 0.03820679918450676
0.06348783376300034 0.0008331324415493333 0.4063277777777783
0.05993975749352361 0.0003516812283333333 0.47453549439347564
0.061060703043563216 0.00037748779404889996 0.40709950050968424
0.062000834308427656 2.7879288556666665e-05 0.0672041692150862
0.05251092134349759 0.0003338274117666667 0.4557604689092769
0.05462991281057805 0.002256059208939999 0.1190508460754316
0.10137498610144913 1.909447066666667e-06 0.0748460754332303
0.12450173155573607 2.8403706666666664e-07 0.3348495107033638
0.06319714721117398 6.913206155333333e-05 0.018767675840977827
0.06494953819227478 2.9977319209999997e-05 0.01958243628949896
0.3941305568118822 0.5362425847229266 0.30161637104994954
0.09981279981923748 1.54031141e-06 0.08563868501529193
0.12732392492107839 4.188722643333332e-06 0.39610844036697346
0.10042868173637437 2.3826854683333332e-07 0.000866167176350352
0.06383526723896045 0.00028120657116533334 0.25555881753313026
0.10268242367257902 2.7910016265333325e-07 0.033202803261978
0.05531106096926337 0.0009246484052566665 0.1603903567787972
0.06941355849008127 1.650406843333333e-05 0.16167327217125393
0.05808970668043415 0.0012684900146 0.03793626911314929
0.06064833738304683 0.0012759479049033334 0.1698419571865437
0.06077464272843517 0.0009727182617666668 0.14083512742100002
0.08028201191027791 8.6563567e-07 0.23533312945973428
0.05358434813235805 0.0018536643103333333 0.1864453109072377
0.06414695411819023 0.000158742756 0.3343534148827727
0.05339800393122073 0.00045330910300000007 0.4114057492354739
0.060322463257585945 3.102959707333332e-05 0.11896707441386445
268939.9719673802 268939.9719673802 268939.9719673802
0.05197537141783155 0.00105643425738 0.11566463812436467
0.05407280309622653 0.0007946330444666667 0.2051391233435278
0.05187711417094172 0.0004747835499999999 0.47985697247706494
223691.27166157 223691.27166157 223691.27166157
0.09520074820416605 5.098768953333333e-06 0.04643766564729912
0.056994541025156845 0.0011021740656666668 0.13742234454638025
0.05674301149162253 0.0002815519670000001 0.4733263914373089
0.1049137744890903 1.968719284166667e-06 0.09991880733945013
0.052852157650459176 0.0012380248067666666 0.18342290519877702
0.37842561184153917 0.2447125753698767 0.07105783893985773
0.37647241399512366 0.4647517296291333 0.41096999999999984
0.05181119296229415 0.0007772554054 0.40678379204892945
0.052307165753709375 0.0004788861700666665 0.38426100917431194
0.058083955676748844 0.00146167494061 0.40126971457696126
0.060777561990582485 4.569936973333332e-06 0.004690316004076767
1.7976931348623157e+308 1.7976931348623157e+308 1.7976931348623157e+308
0.07846666934194678 1.2520269396666662e-06 0.08509772680937955
322667.01919809694 322667.01919809694 322667.01919809694
0.06918840466589844 2.3893072499999996e-06 0.03670772680937784
0.057128140979862956 0.0007140059751600003 0.037981753312946065
0.05216594711311095 0.0012890211391099998 0.21074060142711382
0.051747341325745946 0.0012037239686666667 0.260422028542306
0.05225521658564506 0.0004758127288333335 0.27222912334352634
0.05171635713820221 0.0006627301376666668 0.34004707441386284
0.05158447205609058 0.0009466958183333333 0.23413967380224232
0.10110399880103865 9.298901696666667e-07 0.2399549541284407
218097.740400953 218097.740400953 218097.740400953
0.06690411188364967 6.996099266666668e-05 0.16624350662589116
0.05418630215636277 0.0008840710776933338 0.07699266055045761
0.06840403010145553 9.602060499566665e-05 0.1342419571865454
0.05769142956909948 0.0018089598351793343 2.3496432210112772e-05
0.0875707012348789 2.993696622e-06 0.12219215086646251
0.06597049887235758 1.644304910733333e-05 0.43569720693170355
1.3044633719207591e+35 1.3044633719207591e+35 1.3044633719207591e+35
0.37423156211043196 0.17441991542086668 0.2789551987767589
0.0888764812659509 5.360135193333334e-07 0.09587399592252766
1.7976931348623157e+308 1.7976931348623157e+308 1.7976931348623157e+308
0.07515541452675001 1.3020121200000001e-06 0.08589918450560585
0.05903354583560601 0.00045084301122999993 0.16239458715596333
0.05700604190481928 0.0020455503266666674 0.15847881753312754
0.05490420115840559 9.929225266666667e-05 0.35611404689092696
0.09097565110844892 8.337815433333332e-07 0.06617681957186594
0.05561608599045579 0.0008880086017666666 0.08405659531090626
233566.63268773348 233566.63268773348 233566.63268773348
0.05503582052288206 0.0014658072678999995 0.37313403669724954
251547.0183486239 251547.0183486239 251547.0183486239
217980.03312945945 217980.03312945945 217980.03312945945
0.08045048714437877 1.1684230856666663e-06 0.2810224362895011
0.06179200126838184 0.0008424188296666666 0.18152905198776814
230673.77675841027 230673.77675841027 230673.77675841027
295877.391267414 295877.391267414 295877.391267414
271618.9432551819 271618.9432551819 271618.9432551819
0.07313232070653489 1.3282628933333333e-06 0.2714770030581035
0.06349839251095324 0.0007745388293666666 0.07546394495412745
0.058313521441956 0.00010348241816666667 0.1459793781855243
0.1024582192473576 6.52728926e-07 0.0024040265035663033
290077.1916411824 290077.1916411824 290077.1916411824
0.05665845744666083 0.0008292821246666667 0.04790053007135553
0.07338576812251565 0.00041564284033333333 0.04375720693170182
0.0593972522718742 0.0016728634178499997 0.3906339551478082
0.0645982508664837 7.932711666666667e-06 0.2719847094801229
0.06117593703042971 0.0029399210786666664 0.3913503873598372
0.06443010774596587 0.0004522989022966665 0.29293862385321123
0.060703056240253184 0.0017742326134966664 0.10025969418960123
0.05590502163706282 0.0003784945519333334 0.38158898063200963
0.0737083484950551 1.0927754099999999e-06 0.004371590214067744
0.07920606942644451 0.0017994236803266662 0.3345583384301727
0.06734925301520614 0.000232728445 0.23948922528032535
0.06651561898823158 0.0005021605148846668 0.23301171253822606
0.362544764335606 0.04065509924366666 0.4611687767584094
0.06629191390971186 0.0004448657915640001 0.410674546381244
0.061210889776433 0.0005073777354400001 0.31359972477064213
0.1155862025399963 3.8114179893333337e-07 0.1236396839959224
0.058150595758928 0.0009486494183333333 0.009458960244649983
0.06436463243502824 3.4536915166666674e-05 0.17346262996942086
0.4032351776188152 0.17587551464924064 0.056403893985727205
0.061382892462862396 0.001754627607466667 0.17312471967380239
0.05491446868809946 7.219262566666666e-05 0.20484330275229334
0.06744933763252754 0.00040785125955883334 0.41359064220183384
0.06500968818771342 4.1466324666666666e-07 0.13023812436289584
0.08360278729113316 4.223900143333332e-06 0.08525685015290518
0.10155632893672158 7.978261276666667e-07 0.22018287461773633
0.06504891387337071 2.1968453999999996e-05 0.07765111111111267
330573.53465851146 330573.53465851146 330573.53465851146
0.06021037505868224 0.0021370928493433337 0.05527920489296667
0.06583193639675118 0.0006561309587949998 0.17105119266054958
247269.6015970095 247269.6015970095 247269.6015970095
0.08600913907837551 1.9303659863999994e-05 0.33048599388379163
0.05630468132755665 0.0014179207504066663 0.05607112130479042
0.10643025057342795 3.209510696333334e-07 0.07158949031600548
0.37842561184153917 0.2447125753698767 0.07105783893985773
0.05926129859721533 0.000191238966 0.1637935372069319
0.05435105753778927 0.00014086858863 0.03432485219164105
0.057929298777909415 0.0009365059525366661 0.00369963302752474
0.3735926510451605 0.6745385451200465 0.12319755351681971
0.10921156056363224 1.4804490393333333e-06 0.15573760448521945
0.0744658213956707 0.00060824774657 0.3220053312945974
0.05571820176527368 1.491797073333333e-05 0.10130723751274262
0.07538353260235878 8.773633616666666e-06 0.1407712640163088
0.08271561368644098 6.231300066666667e-06 0.28430619775738997
0.41220127697419306 0.27438162781633607 0.03610449541284355
