254186.07713217812 254186.07713217812 254186.07713217812
356450.77302072715 356450.77302072715 356450.77302072715
776709.6500169892 776709.6500169892 776709.6500169892
0.09496920537187914 0.003518650433333333 0.4541068297655453
541851.8943255179 541851.8943255179 541851.8943255179
0.08263507951716016 0.007331760766666666 0.3243287461773696
0.1057872832004738 0.004695124826666665 0.06242436289500475
500897.5110431536 500897.5110431536 500897.5110431536
240519.58036017785 240519.58036017785 240519.58036017785
0.07802951220040846 0.004112130066666666 0.18758063200815478
0.09271547052157221 0.0011237011566666664 0.1753112130479102
487982.84063880384 487982.84063880384 487982.84063880384
0.07203985860466747 0.005609842233333331 0.13687023445463753
0.12537567647367714 0.0023434548666666664 0.4321587155963311
1.7976931348623157e+308 1.7976931348623157e+308 1.7976931348623157e+308
271267.9238871896 271267.9238871896 271267.9238871896
645222.9867482167 645222.9867482167 645222.9867482167
211290.64729867407 211290.64729867407 211290.64729867407
343035.72035338095 343035.72035338095 343035.72035338095
298102.5314305136 298102.5314305136 298102.5314305136
480459.90485898784 480459.90485898784 480459.90485898784
0.0796115068259184 0.004902450966666666 0.31453669724770617
263672.99524294963 263672.99524294963 263672.99524294963
0.07164410108452801 0.007445016999999999 0.4733619775739051
0.07734149740087237 0.002944619876233333 0.24774617737003224
0.10384602853049972 0.0009468891713333335 0.4019358817533132
594969.1216445791 594969.1216445791 594969.1216445791
329655.1563030921 329655.1563030921 329655.1563030921
515796.466190962 515796.466190962 515796.466190962
429465.0866462794 429465.0866462794 429465.0866462794
270559.20829085977 270559.20829085977 270559.20829085977
361309.03839619464 361309.03839619464 361309.03839619464
414129.54468229704 414129.54468229704 414129.54468229704
493756.24362895 493756.24362895 493756.24362895
0.08651413318392898 0.0004791452652000001 0.42388154943934775
281666.2844036697 281666.2844036697 281666.2844036697
0.11450889789153236 0.001838399036666667 0.3595016309887873
267018.3061501865 267018.3061501865 267018.3061501865
308744.3510023786 308744.3510023786 308744.3510023786
0.09232084722732203 0.0044001411833333335 0.19093343527013262
218217.04043493085 218217.04043493085 218217.04043493085
265677.8797145772 265677.8797145772 265677.8797145772
0.08758947428291437 0.004728271000000003 0.07956901121304716
0.11302268557567921 0.008424476866666666 0.33611406727828674
356399.59225280315 356399.59225280315 356399.59225280315
437674.60924227 437674.60924227 437674.60924227
0.07887459544458153 0.0037016225405999996 0.334580632008155
0.10055750630106704 0.0016845744416666667 0.42908093781855206
289095.7356439012 289095.7356439012 289095.7356439012
480556.44750254846 480556.44750254846 480556.44750254846
335294.0876656474 335294.0876656474 335294.0876656474
533398.7003058107 533398.7003058107 533398.7003058107
246128.05810397599 246128.05810397599 246128.05810397599
287124.36289500486 287124.36289500486 287124.36289500486
239154.39177709818 239154.39177709818 239154.39177709818
252672.6979272853 252672.6979272853 252672.6979272853
302632.4328916071 302632.4328916071 302632.4328916071
645499.1505266734 645499.1505266734 645499.1505266734
0.07544577717447927 0.003701668336666666 0.26276911314984686
368221.50016989483 368221.50016989483 368221.50016989483
440085.37206931744 440085.37206931744 440085.37206931744
1.7976931348623157e+308 1.7976931348623157e+308 1.7976931348623157e+308
228282.3649337413 228282.3649337413 228282.3649337413
0.08171036921742494 0.003983631833333333 0.051951070336392124
0.0934320316496536 0.0025230398466666664 0.21382140672782946
1.7976931348623157e+308 1.7976931348623157e+308 1.7976931348623157e+308
0.07341225855340568 0.00026336788666666666 0.17178256880734022
278545.99898063246 278545.99898063246 278545.99898063246
0.07430686478918702 0.004360097139333334 0.06270448521916228
229289.5854570175 229289.5854570175 229289.5854570175
240990.14610941248 240990.14610941248 240990.14610941248
409403.4998301054 409403.4998301054 409403.4998301054
210753.90757730196 210753.90757730196 210753.90757730196
228521.9588854911 228521.9588854911 228521.9588854911
370437.09650017 370437.09650017 370437.09650017
0.07672476385724177 0.0037038728999999994 0.4500323139653424
517837.4957526334 517837.4957526334 517837.4957526334
235744.0961603803 235744.0961603803 235744.0961603803
1.7976931348623157e+308 1.7976931348623157e+308 1.7976931348623157e+308
615640.4604145432 615640.4604145432 615640.4604145432
414377.03873598395 414377.03873598395 414377.03873598395
556511.5103635743 556511.5103635743 556511.5103635743
0.08403997001966834 0.0019126483600000002 0.25759469928644174
0.09172772618311903 0.002942112319666667 0.022233843017331445
452466.7855929324 452466.7855929324 452466.7855929324
417905.9208290859 417905.9208290859 417905.9208290859
333564.77234114823 333564.77234114823 333564.77234114823
491270.64220183535 491270.64220183535 491270.64220183535
0.07459844093374501 0.0038130227533333333 0.023334760448522562
0.08803824134105993 0.0058332834 0.016764118246685555
493034.40366972453 493034.40366972453 493034.40366972453
353090.59633027506 353090.59633027506 353090.59633027506
737384.1318382596 737384.1318382596 737384.1318382596
497256.3285762828 497256.3285762828 497256.3285762828
244568.34012912054 244568.34012912054 244568.34012912054
577010.5334692493 577010.5334692493 577010.5334692493
0.07026614297351808 0.0007000325666666669 0.47983863404689053
0.10530768725889415 0.003979174266666666 0.06535249745157934
259477.78627251094 259477.78627251094 259477.78627251094
1.7976931348623157e+308 1.7976931348623157e+308 1.7976931348623157e+308
0.18160083921299244 0.007944567666666668 0.0367707441386349
0.08650787209813351 0.0025615471 0.2634181447502537
0.10592189766141102 0.0023173868033333337 0.0815211009174317
0.15351618801403324 0.007657196664999999 0.35759153924566744
531507.8576282705 531507.8576282705 531507.8576282705
674503.8226299696 674503.8226299696 674503.8226299696
0.06671860670035226 0.0015328744520000004 0.02627227319062264
0.0813059666164847 0.0019125844866666668 0.2568294597349632
0.0725869832051967 0.004708002599999999 0.0800611620795113
0.09416626667164806 0.0019411744363333344 0.46847288481141636
1.7976931348623157e+308 1.7976931348623157e+308 1.7976931348623157e+308
0.09195549586345995 0.003307815802333333 0.30405321100917426
306466.95548759727 306466.95548759727 306466.95548759727
431804.45124023117 431804.45124023117 431804.45124023117
310100.0254841997 310100.0254841997 310100.0254841997
509691.13149847114 509691.13149847114 509691.13149847114
0.0838020276775088 0.0021987157321 0.40074016309887894
544492.3547400613 544492.3547400613 544492.3547400613
644094.2065919137 644094.2065919137 644094.2065919137
1.7976931348623157e+308 1.7976931348623157e+308 1.7976931348623157e+308
1.7976931348623157e+308 1.7976931348623157e+308 1.7976931348623157e+308
415245.4553177027 415245.4553177027 415245.4553177027
1.7976931348623157e+308 1.7976931348623157e+308 1.7976931348623157e+308
317407.4074074071 317407.4074074071 317407.4074074071
300883.19741760095 300883.19741760095 300883.19741760095
309635.44852191693 309635.44852191693 309635.44852191693
1.7976931348623157e+308 1.7976931348623157e+308 1.7976931348623157e+308
0.0790905096954847 0.0076641616299999975 0.16127329255861333
413694.6992864424 413694.6992864424 413694.6992864424
0.1074585705923792 0.0016170434412033335 0.3581771661569819
219957.69622833782 219957.69622833782 219957.69622833782
415387.35983690125 415387.35983690125 415387.35983690125
729575.9004417255 729575.9004417255 729575.9004417255
361141.01257220545 361141.01257220545 361141.01257220545
218765.46041454282 218765.46041454282 218765.46041454282
0.0987248019660939 0.004565522393333333 0.01541804281345538
1.7976931348623157e+308 1.7976931348623157e+308 1.7976931348623157e+308
257387.7845735636 257387.7845735636 257387.7845735636
349293.5355079849 349293.5355079849 349293.5355079849
205339.57696228355 205339.57696228355 205339.57696228355
229310.48250084918 229310.48250084918 229310.48250084918
439123.4709480122 439123.4709480122 439123.4709480122
0.09258078164907382 0.004312421699999999 0.07489062181447403
677179.5361875634 677179.5361875634 677179.5361875634
406662.2069317022 406662.2069317022 406662.2069317022
0.10128638873006449 0.0008901850093333332 0.4594407747196736
0.0745841710309281 0.0013609098036333333 0.06972752293577944
455620.03058103996 455620.03058103996 455620.03058103996
238258.87699626258 238258.87699626258 238258.87699626258
1.7976931348623157e+308 1.7976931348623157e+308 1.7976931348623157e+308
0.09021936524058188 0.002224487333333334 0.13613567787971537
329679.7485558955 329679.7485558955 329679.7485558955
312470.5232755689 312470.5232755689 312470.5232755689
1.7976931348623157e+308 1.7976931348623157e+308 1.7976931348623157e+308
425327.1746517159 425327.1746517159 425327.1746517159
456801.81787291873 456801.81787291873 456801.81787291873
546417.0489296638 546417.0489296638 546417.0489296638
500172.48555895366 500172.48555895366 500172.48555895366
577752.4209989806 577752.4209989806 577752.4209989806
0.07409907949411361 0.0007094654603333332 0.4389490316004079
0.1265370518515313 0.007867519866666665 0.3874941896024464
1.7976931348623157e+308 1.7976931348623157e+308 1.7976931348623157e+308
614174.6517159366 614174.6517159366 614174.6517159366
1.7976931348623157e+308 1.7976931348623157e+308 1.7976931348623157e+308
1.7976931348623157e+308 1.7976931348623157e+308 1.7976931348623157e+308
1.7976931348623157e+308 1.7976931348623157e+308 1.7976931348623157e+308
0.08241889637891871 0.003926068310333333 0.37088175331294604
211457.4838600065 211457.4838600065 211457.4838600065
470590.55385660863 470590.55385660863 470590.55385660863
527509.9813115867 527509.9813115867 527509.9813115867
258796.67855929345 258796.67855929345 258796.67855929345
486415.3499830104 486415.3499830104 486415.3499830104
0.08506809254273373 0.0019334193423333331 0.19995096839959192
0.0918162193912703 0.003272153403333333 0.41331039755351684
240486.87563710503 240486.87563710503 240486.87563710503
0.0763223419094154 0.0046591299000000004 0.4028408766564717
321359.70948012214 321359.70948012214 321359.70948012214
0.08192078198761046 0.003242882443 0.24134801223241498
1.7976931348623157e+308 1.7976931348623157e+308 1.7976931348623157e+308
0.09074374019324112 0.004084217659999999 0.30289887869521026
396958.33333333285 396958.33333333285 396958.33333333285
310134.21678559284 310134.21678559284 310134.21678559284
1.7976931348623157e+308 1.7976931348623157e+308 1.7976931348623157e+308
0.08811968038561079 0.004481291300000002 0.3703563710499478
522663.3112470267 522663.3112470267 522663.3112470267
271266.055045872 271266.055045872 271266.055045872
578551.308188923 578551.308188923 578551.308188923
0.14804323238194955 0.0021948332866666663 0.12255555555555597
1.7976931348623157e+308 1.7976931348623157e+308 1.7976931348623157e+308
0.11570677119555187 0.0018208144563333331 0.32955025484199885
499124.44784233766 499124.44784233766 499124.44784233766
519207.8236493374 519207.8236493374 519207.8236493374
0.14492017178069408 0.003880151193333333 0.32107991845056105
0.10387989966165503 0.004545271143333332 0.09424740061162051
1.7976931348623157e+308 1.7976931348623157e+308 1.7976931348623157e+308
476255.3092082904 476255.3092082904 476255.3092082904
1.7976931348623157e+308 1.7976931348623157e+308 1.7976931348623157e+308
525810.3550798503 525810.3550798503 525810.3550798503
553415.7322460074 553415.7322460074 553415.7322460074
1.7976931348623157e+308 1.7976931348623157e+308 1.7976931348623157e+308
490637.6146788989 490637.6146788989 490637.6146788989
294801.8603465849 294801.8603465849 294801.8603465849
1.7976931348623157e+308 1.7976931348623157e+308 1.7976931348623157e+308
0.11091155103639827 0.004205285533333334 0.31887400611620853
1.7976931348623157e+308 1.7976931348623157e+308 1.7976931348623157e+308
571348.4539585456 571348.4539585456 571348.4539585456
1.7976931348623157e+308 1.7976931348623157e+308 1.7976931348623157e+308
371631.2011552839 371631.2011552839 371631.2011552839
1.7976931348623157e+308 1.7976931348623157e+308 1.7976931348623157e+308
432315.19707781164 432315.19707781164 432315.19707781164
0.07838090267278104 0.002102020374 0.4629558613659541
609554.153924567 609554.153924567 609554.153924567
468756.2011552835 468756.2011552835 468756.2011552835
493568.04281345557 493568.04281345557 493568.04281345557
0.08132343299227218 0.002012098503333333 0.09752966360856341
630403.3299354396 630403.3299354396 630403.3299354396
434910.63540604815 434910.63540604815 434910.63540604815
330016.522256201 330016.522256201 330016.522256201
355518.221202854 355518.221202854 355518.221202854
645192.5756031264 645192.5756031264 645192.5756031264
0.07596020920068258 0.0037023419800666663 0.37074638124363
1.7976931348623157e+308 1.7976931348623157e+308 1.7976931348623157e+308
0.10044684940869826 0.0005338026333333333 0.33269857288481086
546386.1281005784 546386.1281005784 546386.1281005784
321273.44546381285 321273.44546381285 321273.44546381285
517229.2728508321 517229.2728508321 517229.2728508321
0.07080148739178882 0.002429211633333334 0.203150458715597
0.08373755094503646 0.0026975220666666656 0.06399561671763365
0.09600624656658521 0.0024887402362699994 0.28977492354740075
600759.3442065917 600759.3442065917 600759.3442065917
0.07836362003969284 0.001848185633333333 0.3246840978593273
0.13076053494441622 0.0022088570986666663 0.4575106014271151
318194.01970778126 318194.01970778126 318194.01970778126
515183.91097519477 515183.91097519477 515183.91097519477
403968.357118587 403968.357118587 403968.357118587
429564.1352361539 429564.1352361539 429564.1352361539
404520.5572545023 404520.5572545023 404520.5572545023
0.08059142814687222 0.0037857968448666663 0.27837054026503605
0.08503735714153149 0.0014692972466666665 0.46758613659531223
735608.8175331295 735608.8175331295 735608.8175331295
289276.33792048943 289276.33792048943 289276.33792048943
0.1245142596750246 0.001748671995666667 0.4051883180428133
577521.7422697927 577521.7422697927 577521.7422697927
207005.13506625872 207005.13506625872 207005.13506625872
352987.32161060197 352987.32161060197 352987.32161060197
231758.85575942878 231758.85575942878 231758.85575942878
364371.5468909279 364371.5468909279 364371.5468909279
0.0924451030187187 0.010912819706666667 0.3025688379204894
384348.6535847773 384348.6535847773 384348.6535847773
296439.18620455347 296439.18620455347 296439.18620455347
308170.9565069659 308170.9565069659 308170.9565069659
0.11106431668104995 0.004862123787 0.055620835881752484
291182.9850492695 291182.9850492695 291182.9850492695
600584.5905538565 600584.5905538565 600584.5905538565
0.09238034042080356 0.0025776741838999997 0.1498908970438313
314266.4627930684 314266.4627930684 314266.4627930684
0.0866790463552789 0.005324166265333333 0.08813176350662433
1.7976931348623157e+308 1.7976931348623157e+308 1.7976931348623157e+308
215064.89976214725 215064.89976214725 215064.89976214725
622167.5671083924 622167.5671083924 622167.5671083924
0.06783083950374927 0.0008537195766666666 0.15661205912334264
0.07544832694951165 0.005860593716666666 0.0015423955147793045
0.09393174629823611 0.0015208796226666666 0.35799418960244633
384463.58307849104 384463.58307849104 384463.58307849104
416039.6449201495 416039.6449201495 416039.6449201495
0.0690373988891418 0.0019395479061666662 0.023970805300711717
0.08517417224076554 0.0026163648035000004 0.3948705402650341
0.09791657135608267 0.001910689578143333 0.22183921508664728
0.08238248289191186 0.0035001449333333335 0.2115731294597345
0.09434329664618253 0.006051642883333335 0.15616033639143767
0.09820936248215986 0.007337123622566667 0.2737039959225287
223589.02480462106 223589.02480462106 223589.02480462106
0.09101007052266319 0.002672901736333333 0.4268832415902146
277130.6320081548 277130.6320081548 277130.6320081548
0.08643051193500813 0.0006449326066666666 0.419971671763508
288009.53958545806 288009.53958545806 288009.53958545806
0.07619781949727485 0.0011817624900000003 0.4574273496432202
204654.96941896057 204654.96941896057 204654.96941896057
341924.0146109416 341924.0146109416 341924.0146109416
540634.7307169555 540634.7307169555 540634.7307169555
368175.67533129436 368175.67533129436 368175.67533129436
0.1001391068302494 0.0008784560351999999 0.3506625891946977
0.1053531986817145 0.004358290817 0.11956679918450641
222827.87546721083 222827.87546721083 222827.87546721083
248799.35015290545 248799.35015290545 248799.35015290545
1.7976931348623157e+308 1.7976931348623157e+308 1.7976931348623157e+308
224384.02140672808 224384.02140672808 224384.02140672808
224823.38175331274 224823.38175331274 224823.38175331274
0.10566927743255333 0.0035678325864 0.137970366972477
0.0962258154487785 0.004894847116673334 0.010927940876656717
537359.2082908604 537359.2082908604 537359.2082908604
627415.3457356442 627415.3457356442 627415.3457356442
287097.2434590553 287097.2434590553 287097.2434590553
274600.131668366 274600.131668366 274600.131668366
0.07658812892154765 0.0038890099999999987 0.37604800203873534
0.09077965116747529 0.0021952799666666656 0.1335598878695201
427287.34284743475 427287.34284743475 427287.34284743475
1.7976931348623157e+308 1.7976931348623157e+308 1.7976931348623157e+308
364072.3326537546 364072.3326537546 364072.3326537546
472175.0976894323 472175.0976894323 472175.0976894323
0.1014258681874951 0.004706969797999999 0.4334124057084614
1.7976931348623157e+308 1.7976931348623157e+308 1.7976931348623157e+308
278357.55606523936 278357.55606523936 278357.55606523936
0.11109830756386488 0.002107619462 0.4053258409785927
310203.96279306815 310203.96279306815 310203.96279306815
0.09910903293648993 0.0015247515553333333 0.20153758409786038
591944.1343866804 591944.1343866804 591944.1343866804
0.10189893802853155 0.0031421645296666662 0.0809046788990826
392732.2502548418 392732.2502548418 392732.2502548418
334939.1862045534 334939.1862045534 334939.1862045534
450599.23547400604 450599.23547400604 450599.23547400604
0.143011936058291 0.00243223907 0.015710061162080624
265939.2159361195 265939.2159361195 265939.2159361195
231811.91386340428 231811.91386340428 231811.91386340428
237845.60822290136 237845.60822290136 237845.60822290136
211031.85100237853 211031.85100237853 211031.85100237853
284316.75586136617 284316.75586136617 284316.75586136617
0.09889133624911955 0.00323702089 0.3089176860346594
222278.75891947036 222278.75891947036 222278.75891947036
1.7976931348623157e+308 1.7976931348623157e+308 1.7976931348623157e+308
0.10382569761716028 0.003077841144 0.26958804281345694
409048.02922188235 409048.02922188235 409048.02922188235
442689.05453618756 442689.05453618756 442689.05453618756
211073.58562691126 211073.58562691126 211073.58562691126
311364.08851512044 311364.08851512044 311364.08851512044
0.10045672822112009 0.0031627248603333332 0.13640300713557574
313653.1175671089 313653.1175671089 313653.1175671089
0.1064374107352117 0.0023612060506666664 0.023499276248724943
0.11635940248560113 0.000145195432179 0.3605837104994887
0.09314905517652405 0.007416516266666666 0.0870425688073393
0.09602447715420513 0.0029523086905333317 0.29144798165137553
0.08436223942079235 0.00330869587 0.19508666666666663
252737.279136935 252737.279136935 252737.279136935
0.062392297303417776 0.0029493145300000002 0.09509299694189588
436493.62895005115 436493.62895005115 436493.62895005115
355702.55266734585 355702.55266734585 355702.55266734585
0.1077201020426555 0.0033679647803333333 0.44452634046890793
368557.6367652057 368557.6367652057 368557.6367652057
0.14336820391562968 0.0020870236571333333 0.4674545565749242
0.08317897183272001 0.004122441709333333 0.47542714576962286
332192.6010873257 332192.6010873257 332192.6010873257
204578.8523615357 204578.8523615357 204578.8523615357
510117.7582398908 510117.7582398908 510117.7582398908
300824.94903160026 300824.94903160026 300824.94903160026
515145.4723071696 515145.4723071696 515145.4723071696
0.09533257806534419 0.005851974210999998 0.03522959225280253
1.7976931348623157e+308 1.7976931348623157e+308 1.7976931348623157e+308
242291.1399932044 242291.1399932044 242291.1399932044
415581.95718654414 415581.95718654414 415581.95718654414
555957.7641862043 555957.7641862043 555957.7641862043
613435.7288481143 613435.7288481143 613435.7288481143
0.0857740192145987 0.0028888914466666674 0.1877307747196748
0.10724941239406022 0.004878524487333332 0.4072237410805315
302870.1070336388 302870.1070336388 302870.1070336388
379821.38124362886 379821.38124362886 379821.38124362886
0.09333781807128923 0.001246145958 0.2944951376146778
471243.6926605501 471243.6926605501 471243.6926605501
0.08780469499505261 0.0029018090380000003 0.08719119266054998
604198.1863744479 604198.1863744479 604198.1863744479
0.08134941484388891 0.005395351490999999 0.09316463812436249
266500.51393136254 266500.51393136254 266500.51393136254
0.09697634843641836 0.006755693044999999 0.2861079612640167
208595.8800543668 208595.8800543668 208595.8800543668
265592.5883452258 265592.5883452258 265592.5883452258
463216.250424736 463216.250424736 463216.250424736
0.10642999304662926 0.0046070592916666675 0.13130298674821583
247645.5784913354 247645.5784913354 247645.5784913354
343221.10941216454 343221.10941216454 343221.10941216454
0.10433638634799543 0.0024899077263999996 0.06843608562691106
1.7976931348623157e+308 1.7976931348623157e+308 1.7976931348623157e+308
0.07240628734063084 0.004206565333333332 0.304204597349643
0.090128427079464 0.004195134439333332 0.04467555555555647
206288.90587835523 206288.90587835523 206288.90587835523
0.08331428977956282 0.003594247183333334 0.21145013251783773
378048.9339109745 378048.9339109745 378048.9339109745
0.09139902279335765 0.0033489455100000004 0.407113037716617
210341.64118246723 210341.64118246723 210341.64118246723
205463.2390417941 205463.2390417941 205463.2390417941
547894.1768603465 547894.1768603465 547894.1768603465
213062.6656472987 213062.6656472987 213062.6656472987
337185.67363234755 337185.67363234755 337185.67363234755
1.7976931348623157e+308 1.7976931348623157e+308 1.7976931348623157e+308
227180.96330275194 227180.96330275194 227180.96330275194
0.0886981408235962 0.000940554248 0.33413290519877714
447097.995242949 447097.995242949 447097.995242949
0.11367701681038014 0.003829884373566666 0.30766675840978674
0.08321890206270924 0.005844997663333334 0.15798007135575975
339302.59514101245 339302.59514101245 339302.59514101245
406805.2157662253 406805.2157662253 406805.2157662253
0.10996689253085337 0.004288220907333333 0.37867907237512677
0.09005997489648501 0.004949655933333333 0.07689190621814523
0.0767295645986803 0.0017570480658166666 0.01971229357798121
0.19185810774826365 0.0077168166 0.13603572884811266
0.09793441591012411 0.0026630312078100003 0.17315580020387467
244880.19877675816 244880.19877675816 244880.19877675816
1.7976931348623157e+308 1.7976931348623157e+308 1.7976931348623157e+308
480018.0173292559 480018.0173292559 480018.0173292559
361877.3233095478 361877.3233095478 361877.3233095478
0.07142650598609879 0.0022844023906666666 0.15115978593272228
411664.13523615344 411664.13523615344 411664.13523615344
407502.3148148145 407502.3148148145 407502.3148148145
0.16877275192330413 0.003588614026999999 0.07118084607543462
319758.3290859668 319758.3290859668 319758.3290859668
232204.75705062883 232204.75705062883 232204.75705062883
328611.0006795787 328611.0006795787 328611.0006795787
629473.5601427117 629473.5601427117 629473.5601427117
0.10972109269328759 0.004684013659666667 0.0990887665647282
295667.082908597 295667.082908597 295667.082908597
0.0859530610295528 0.0029829169899999995 0.005102772680937395
0.15731406481763038 0.0034067180033333327 0.028253017329255226
295230.55980292236 295230.55980292236 295230.55980292236
1.7976931348623157e+308 1.7976931348623157e+308 1.7976931348623157e+308
533107.3139653411 533107.3139653411 533107.3139653411
0.12541933455963872 0.0006600515396666666 0.3248931702344535
0.0801757169943836 0.0018962444334333327 0.1768410907237512
238780.39840299104 238780.39840299104 238780.39840299104
417291.6072035333 417291.6072035333 417291.6072035333
348357.725959905 348357.725959905 348357.725959905
0.10305165780332903 0.0005821374042666665 0.34455130479102936
335615.3924566769 335615.3924566769 335615.3924566769
0.08094406448240132 0.002630061035 0.13331106014270944
1.7976931348623157e+308 1.7976931348623157e+308 1.7976931348623157e+308
0.09407134554619315 0.002524796308333333 0.21580639143730984
240534.82415902105 240534.82415902105 240534.82415902105
0.10468037336586494 0.0016139824265216664 0.2704054638124358
603172.9612640163 603172.9612640163 603172.9612640163
386116.8705402651 386116.8705402651 386116.8705402651
0.07748956395920381 0.0046932572978666655 0.32499035677879773
319197.965511383 319197.965511383 319197.965511383
0.07803697379994881 0.0014534595706666665 0.38502720693170245
299886.531600408 299886.531600408 299886.531600408
0.09295147512262306 0.0022112069758000005 0.4134571151885824
0.08679641802581231 0.002878133546666666 0.06033817533129415
406945.2556914717 406945.2556914717 406945.2556914717
0.09030484390318341 0.002195803460666667 0.06382846075433157
0.1653549402602971 0.00318621754 0.36415871559632995
257865.8554196399 257865.8554196399 257865.8554196399
723838.0691471293 723838.0691471293 723838.0691471293
0.08297581576859528 0.0039008440366666663 0.3053277471967384
529744.9201495079 529744.9201495079 529744.9201495079
233457.06337071027 233457.06337071027 233457.06337071027
379784.934590554 379784.934590554 379784.934590554
0.07436855431103184 0.005586534153333332 0.45769639143730956
0.08588299348015001 0.005456262439999999 0.13353945973496506
323575.1868841317 323575.1868841317 323575.1868841317
0.07858699389427655 0.002237375109043333 0.10774703363914417
321212.8058103974 321212.8058103974 321212.8058103974
334915.4816513762 334915.4816513762 334915.4816513762
454086.9308528712 454086.9308528712 454086.9308528712
1.7976931348623157e+308 1.7976931348623157e+308 1.7976931348623157e+308
0.09247879038060708 0.002846218827 0.36374936799184576
442414.9719673798 442414.9719673798 442414.9719673798
0.09809648777354969 0.006378372477666667 0.15183646279306862
243372.0395854566 243372.0395854566 243372.0395854566
0.07156204436026026 0.0036584213020333335 0.08007891946992896
0.09391555518786521 0.008201095224666666 0.2878110805300711
291784.5693170237 291784.5693170237 291784.5693170237
0.09856888060810678 0.006026526659333333 0.42571536187563686
358142.24006116204 358142.24006116204 358142.24006116204
561728.4531090718 561728.4531090718 561728.4531090718
0.08811923686359009 0.0019169962479666665 0.3824526605504599
487661.2767584094 487661.2767584094 487661.2767584094
216163.46415222576 216163.46415222576 216163.46415222576
361791.18671423785 361791.18671423785 361791.18671423785
382599.73241590225 382599.73241590225 382599.73241590225
0.1102001176106048 0.0027908503009 0.3084408562691143
1.7976931348623157e+308 1.7976931348623157e+308 1.7976931348623157e+308
0.09926514460130867 0.0008811349103333332 0.4687082568807346
316765.7959565068 316765.7959565068 316765.7959565068
0.07280422177150891 0.0038956428822000005 0.023191896024465475
476940.44342507655 476940.44342507655 476940.44342507655
0.09857784198572835 0.0027855105693333337 0.21475355759429027
0.08587109728249838 0.0015779352942666667 0.2376783690112143
0.08182564206844845 0.0006740684497666666 0.34734351681957065
255561.38294257535 255561.38294257535 255561.38294257535
0.10784614192043376 0.005755153543333333 0.25623675840978644
0.061326286178768966 0.0020330079516666668 0.012644699286442407
314860.4825008492 314860.4825008492 314860.4825008492
0.08193059159071273 0.0025381515523333334 0.16239013251783918
202295.2514441041 202295.2514441041 202295.2514441041
390317.32076112815 390317.32076112815 390317.32076112815
0.07265519190567134 0.004462695399666667 0.34950229357797946
0.08491170091826139 0.004603263616333331 0.4281215596330288
0.1178202425874191 0.0032807257516666672 0.042958939857287604
0.09538205587987987 0.0020882084651646666 0.2934514271151891
0.11299125688180145 0.002435728803666666 0.09581289500509627
231425.11043153246 231425.11043153246 231425.11043153246
0.11689887026377142 0.002306400843333334 0.20721170234454744
489880.8868501525 489880.8868501525 489880.8868501525
0.10507872883151999 0.0026352934366666663 0.42744035677879744
0.07803697379994881 0.0014534595706666665 0.38502720693170245
0.0777238308848989 0.0019327464999999992 0.2535855249745147
0.08587109728249838 0.0015779352942666667 0.2376783690112143
200740.0823989125 200740.0823989125 200740.0823989125
0.07079993648942298 0.0051438251333333325 0.4751054638124357
0.10094342689729177 0.001937242837533333 0.39093128440367053
0.06692090585336766 0.0022899795426666665 0.11338223241590262
0.10143876539931343 0.005209684193666666 0.4202343730886853
0.08860910573173238 0.0024713770508333335 0.286540998980632
0.08576218297973348 0.003424117929466667 0.3448611213047914
0.07581482830891231 0.004418853000000001 0.10213756371050087
314995.8927964661 314995.8927964661 314995.8927964661
0.09598145805252555 0.005969996370999999 0.24100732925586277
0.1004802711756015 0.0026039743251333337 0.16401311926605544
0.08935265544336064 0.005876267680333333 0.2845741692150874
0.09474576925595889 0.0005562470363333335 0.3286462996941899
0.08343764281531263 0.0041359643366 0.2521719469928638
0.08825452400008929 0.002120759529120666 0.012219796126399451
0.08093534130178906 0.0012898309124666665 0.256275851172274
0.07438070486862687 0.005600882866666667 0.1421417838939849
253364.2626571526 253364.2626571526 253364.2626571526
0.0801757169943836 0.0018962444334333327 0.1768410907237512
0.09446501845195998 0.01187168382 0.3440114678899082
0.0889272282095523 0.002358731010666666 0.23576334352701434
202256.73207611294 202256.73207611294 202256.73207611294
213170.32789670376 213170.32789670376 213170.32789670376
0.09725247197678888 0.0033661480503333332 0.3232150356778791
0.0849774868600015 0.0017817708133333326 0.31873701325178416
0.08918013391590292 0.00546941978 0.16003320081549433
0.08917643672635034 0.003637962123333333 0.13612944954128414
213785.631158682 213785.631158682 213785.631158682
0.09380319868502177 0.005672862204 0.399204097859327
0.10703139927485623 0.002129127993333334 0.3456404689092767
0.09391417841993517 0.0033281143688566666 0.18181317023445498
231827.73530411161 231827.73530411161 231827.73530411161
0.09045833934810628 0.003664700521333333 0.23873715596330447
0.13924511434089237 0.002775680527533333 0.11345467889908312
0.09423944998435743 0.0017210911973333332 0.11079028542303782
0.07793125539411778 0.001411752587333333 0.24076089704383286
0.09973725940326628 0.002328817796 0.07359413863404685
0.08332908428636368 0.0005734749889999998 0.12531350662589302
270031.72358137905 270031.72358137905 270031.72358137905
425324.643221203 425324.643221203 425324.643221203
0.1377748818024749 0.0067424609323333325 0.3355288583078475
0.07064628090005312 0.002733104103333333 0.13270340468909225
233096.69979612625 233096.69979612625 233096.69979612625
268973.1566428816 268973.1566428816 268973.1566428816
0.08379368687723313 0.0013875766768666666 0.19236825688073456
0.07176144482583446 0.00014827274154533332 0.23139617737003126
0.09642099006118668 0.004740639477333332 0.3569897451580024
0.12792198900016383 0.008220065616666664 0.35776797145769645
0.09122930814084554 0.0036428263586666667 0.3589449337410815
0.08131515728307315 0.002958836176999999 0.17551695208970353
0.08543083481928826 0.0031078620546666665 0.30279620795106865
0.0995652064444511 0.0013836708860666665 0.1255032721712519
0.0834744134345183 0.007006907640666666 0.28337703363914457
0.08118228444995435 0.0053016163006666655 0.06952140672782958
0.13512404073063344 0.0029423429439999994 0.013633608562690469
0.10756891255829018 0.0021739891778999997 0.023668919469927996
0.12610723893502107 0.0005235769393333333 0.35117677879714515
0.08333138151528063 0.0027438105219999994 0.19916762487257822
504509.79018008837 504509.79018008837 504509.79018008837
506738.0564050283 506738.0564050283 506738.0564050283
365694.172612981 365694.172612981 365694.172612981
289402.13642541645 289402.13642541645 289402.13642541645
0.08866303371933548 0.004790251802666666 0.0017364831804274061
0.1111112783597092 0.010017281126 0.43657098878695155
0.07152489552344901 0.0023824964976433332 0.056648532110091576
0.08614537345649864 0.0014955195914019997 0.0668074108052994
432887.7038735984 432887.7038735984 432887.7038735984
0.07188334322348514 0.0059121107596666654 0.31760424057084524
0.059467319794380205 0.0013517030036666665 0.022501467889909588
233772.91454298343 233772.91454298343 233772.91454298343
741884.4036697245 741884.4036697245 741884.4036697245
224404.4002718316 224404.4002718316 224404.4002718316
240438.4004417265 240438.4004417265 240438.4004417265
0.13897178694491644 0.002202337709333333 0.3500199286442389
0.12372971417193995 0.002079001765333333 0.03208203873598281
276259.6712538228 276259.6712538228 276259.6712538228
0.07918111661452754 0.0017996072317499998 0.12118008154943993
0.07777601709079543 0.0027458985586666673 0.036890356778797706
0.11564754777603437 0.00048665170066666667 0.21748580020387553
0.10758914787542212 0.0039196800318666665 0.013201365953109612
1.7976931348623157e+308 1.7976931348623157e+308 1.7976931348623157e+308
0.0793852060520986 0.006635326888666668 0.3157783384301731
0.09163308497609611 0.0038126534606666663 0.09477500509683967
0.08521782657373769 0.0037838859474799997 0.17406557594291572
0.10221562417309323 0.003196684156666666 0.037944179408768264
220039.30088345203 220039.30088345203 220039.30088345203
0.09815825209704687 0.006359260286666666 0.23701994903160006
229255.76367652035 229255.76367652035 229255.76367652035
0.08591396778281997 0.005168146505333333 0.11884994903159951
0.10019189123042423 0.0032956106924666665 0.40892015290519934
0.09648027004631327 0.0027690423452000003 0.05950048929663643
0.08802622411833239 0.0005299815056666667 0.30359461773700236
0.0892314797973965 0.0030658486477000008 0.39322167176350664
0.09300856641222055 0.0060433537873333335 0.42053634046890975
275170.63795446814 275170.63795446814 275170.63795446814
219656.17567108397 219656.17567108397 219656.17567108397
218259.59480122247 218259.59480122247 218259.59480122247
211757.40740740756 211757.40740740756 211757.40740740756
0.0618780117223966 0.003271841447666666 0.14739220183486257
0.10509613141996302 0.004240005430333333 0.04252415902140738
0.0726799063593575 0.004416906877199998 0.1678094699286432
1.7976931348623157e+308 1.7976931348623157e+308 1.7976931348623157e+308
0.09569732885820872 0.0007378965705493335 0.44632154943934643
271897.11179069 271897.11179069 271897.11179069
0.08744073523019139 0.004562395445333334 0.24518371049949028
0.07568967359724876 0.006581807701666668 0.32985941896024373
0.06728297368901517 0.005048580599999999 0.4516345667686026
0.08170117189163553 0.0008812563596666667 0.3764841794087661
0.06664791150045253 0.002644959059333333 0.3127470030581043
0.08040320971471289 0.004411586196666666 0.22126890927624743
0.07874533879447798 0.0011400041333600001 0.328351957186543
0.07768841547052788 0.0012694821766666665 0.15430550458715642
0.08928063322829305 0.0027937520115376663 0.1003376962283391
0.08267992919557635 0.004510961566666666 0.15615064220183594
259472.19673802346 259472.19673802346 259472.19673802346
0.1096641504148745 0.0009780869571333333 0.21289406727828775
233550.199626231 233550.199626231 233550.199626231
0.08296066625533907 0.0007251592990566664 0.33691137614678945
288009.53958545806 288009.53958545806 288009.53958545806
0.0855593042344401 0.0019382210489333333 0.3030682262996951
0.0660529169113481 0.002959611068245333 0.3025855045871553
0.10658138396756778 0.005972935000666666 0.2443336289500504
0.07880732999715004 0.004327414168666667 0.15828265035677758
0.0803030775224129 0.007899377186666666 0.44903778797145755
299979.0562351344 299979.0562351344 299979.0562351344
0.08999472440775824 0.010029482749999999 0.4249800815494402
0.13655877671893518 0.005685988706999999 0.4049293883792058
242680.4366292895 242680.4366292895 242680.4366292895
0.07269054440079355 0.003574895556666666 0.2101444648318065
0.09107758052086701 0.004413424943777 0.046736065239551206
0.09113564229973226 0.00900210180666667 0.27791689092762484
253361.39568467543 253361.39568467543 253361.39568467543
0.09931277167233546 0.0004535429600000001 0.42621579001019483
0.0843171041333098 0.005049634940666669 0.28934272171253816
323672.8763166837 323672.8763166837 323672.8763166837
0.09480663068637862 0.004996420442333333 0.3050106320081545
0.10234784707861344 0.0020522806235266674 0.3665243221202861
0.09077965116747529 0.0021952799666666656 0.1335598878695201
485373.67482161085 485373.67482161085 485373.67482161085
0.08357522684633978 0.00021285162354500004 0.46399872579000956
0.08759714470076681 0.0024674831507666664 0.16516574923547367
0.08079095557311529 0.002226751756666667 0.3564163710499484
204382.27149167497 204382.27149167497 204382.27149167497
0.10489930424480878 0.00152650286565 0.4423286952089689
265587.7123683317 265587.7123683317 265587.7123683317
264014.2031940197 264014.2031940197 264014.2031940197
0.1041719877509012 0.004609057682666667 0.1387490723751279
0.09457429705767824 0.0003548361251666667 0.41665019367991873
0.10382569761716028 0.003077841144 0.26958804281345694
0.08013350984434704 0.004751077143333334 0.19785586136595246
0.09336619475319492 0.0022246498659999996 0.2786643730886853
215289.75110431548 215289.75110431548 215289.75110431548
0.08031511661355706 0.005223627496666666 0.46863366972477083
0.08819857678130771 0.0014034239946666665 0.4495925178389404
544351.2869520896 544351.2869520896 544351.2869520896
288077.4592252799 288077.4592252799 288077.4592252799
0.07131853979073635 0.004301558233333333 0.38699220183486194
0.10760566788547704 0.0021164217700000002 0.3732015902140673
265047.7149167516 265047.7149167516 265047.7149167516
0.14660667469871652 0.004443076167666666 0.4347674413863407
0.0824158855767912 0.0044166157570000005 0.09694907237512806
0.08297842414755363 0.0027663569735 0.07885259938838063
1.7976931348623157e+308 1.7976931348623157e+308 1.7976931348623157e+308
0.08263321189791384 0.0059167764233333305 0.04694435270132491
0.11307705606491172 0.0036448658610000006 0.4389564118246696
338853.2789670398 338853.2789670398 338853.2789670398
0.0838975898805114 0.0010071910766666667 0.11650080530071483
315803.2364933743 315803.2364933743 315803.2364933743
0.10381121741689331 0.003209250522466666 0.4526792558613655
0.08455199860675536 0.0019174025466666667 0.2645466666666674
247225.85796805995 247225.85796805995 247225.85796805995
407502.3148148145 407502.3148148145 407502.3148148145
0.0781494458207195 0.006497480979999999 0.2998527522935781
0.09832031902653554 0.0018935169999999997 0.4701835575942914
0.08566928884074712 0.0039446870966666665 0.12530168195718616
627863.2432891607 627863.2432891607 627863.2432891607
0.12045117180735512 0.003055326272 0.08024286442405693
0.06524523868595407 0.0009256752109999999 0.17582060142711464
313432.22052327567 313432.22052327567 313432.22052327567
0.07561869581627836 0.000401841786 0.3034142201834866
296160.93272171274 296160.93272171274 296160.93272171274
499282.89585457 499282.89585457 499282.89585457
0.08925388571489704 0.0017418134645833328 0.27640552497451676
307242.2528032622 307242.2528032622 307242.2528032622
0.11177735760718202 0.0005079258761666666 0.45922461773700274
0.08760335835086952 0.005237681851000001 0.09255233435269927
0.06611971689844934 0.005337398886666667 0.4666400509684001
0.11096886216767088 0.0036894812995666667 0.014946422018348393
338774.20574243943 338774.20574243943 338774.20574243943
0.0789160283391069 0.0035374032871999996 0.294875759429154
0.12383667712765081 0.004489693196333334 0.22198834862385386
0.10074323895734048 0.0029107623906748665 0.14767389398572828
0.10667613198271456 0.004838048232333333 0.4072834148827722
0.0799520098248584 0.0075391654300000005 0.1651685015290525
0.08268313107304177 0.005400573775666667 0.356492242609582
208750.1996262322 208750.1996262322 208750.1996262322
0.14073145761468508 0.002180427478633334 0.4712859633027524
450274.50730547105 450274.50730547105 450274.50730547105
0.10253475736541395 0.0027294937876333326 0.28820381243629045
354737.27488956874 354737.27488956874 354737.27488956874
0.07617104568610467 0.0029777097654166665 0.24058813455657502
219947.79986408452 219947.79986408452 219947.79986408452
0.08698321216177192 0.0035009693266666655 0.39220729867482085
0.0854169460312106 0.002756661873833332 0.24864742099898107
437601.3931362553 437601.3931362553 437601.3931362553
325371.0584437651 325371.0584437651 325371.0584437651
227566.9172612984 227566.9172612984 227566.9172612984
0.11039210079392098 0.003948571295333332 0.29940306829765495
0.0797134064340369 0.0019157504521400003 0.29026139653415006
0.09068675553990597 0.0023141517963333334 0.21168678899082405
0.09213242155467385 0.003039871049533333 0.08081729867482057
349390.4901461094 349390.4901461094 349390.4901461094
0.07725729459471922 0.0019099774159366668 0.09439262996941755
0.18828856738499947 0.0015728794116666668 0.2186610499490329
265997.66819571855 265997.66819571855 265997.66819571855
0.09010365002954708 0.005285142979999998 0.25624277268093687
0.12083288064996689 0.003369618579 0.050524556574922386
0.10038140623812142 0.002328986686086666 0.0572967584097861
0.07543168274815537 0.00026480718133333326 0.16796223241590136
0.07102510982098231 0.003319813946666666 0.016652640163099086
0.0873888791293658 0.004422747306166667 0.4496661875637109
0.08255640517350674 0.0011203135059333332 0.3551297043832813
543542.8686714236 543542.8686714236 543542.8686714236
0.07495299253217964 0.006721563456333333 0.29519883792048995
620232.5603126059 620232.5603126059 620232.5603126059
0.09730227909133922 0.0032373880936666663 0.3072852905198791
0.0683971468247498 0.0055191852866666655 0.39798544342507647
0.08398792838299292 0.0017949233599999998 0.2246777064220189
223255.2412504245 223255.2412504245 223255.2412504245
608701.1128100579 608701.1128100579 608701.1128100579
0.10001041712495107 0.00305215282 0.08124791029561562
0.08508887737896863 0.0034287771933333338 0.020074954128440403
0.0978655056106129 0.0027398900236603333 0.4702667176350661
0.1359674719892238 0.0011501130876666666 0.286725423037717
0.07156204436026026 0.0036584213020333335 0.08007891946992896
0.09028454747899087 0.00330671955 0.4090756167176346
0.10853600736618488 0.00013673934119 0.2609969724770651
0.07992390140891233 0.0029679842667666677 0.09205089704383296
0.08614537345649864 0.0014955195914019997 0.0668074108052994
0.08899454916348126 0.003815812100999999 0.10789169215086636
0.08582529141562115 0.0018641185206666668 0.3047799592252809
239396.29629629644 239396.29629629644 239396.29629629644
0.1959160832544669 0.0015033743779999998 0.4467776758409787
0.0993611464052361 0.00321200161 0.42427046890927755
0.1391469327702199 0.0012180082573333335 0.41300958205912486
0.06670378059714269 0.0025310062435999997 0.29092970438328125
0.0703171633771015 0.0027218935999999997 0.08967756371049829
250868.55674481846 250868.55674481846 250868.55674481846
567360.0832483865 567360.0832483865 567360.0832483865
0.14681960665617783 0.003690033620666666 0.3372500917431185
230067.9791029562 230067.9791029562 230067.9791029562
0.0858450504988751 0.003222975666666666 0.09497853211009089
0.07510125284002118 0.003689714057213666 0.0938095310907241
0.10395879639501121 0.0030461024549999997 0.2876657390417945
0.07532154547203529 0.0004450497063333333 0.089813659531091
0.14029077242247 0.0016122039269999998 0.37394104994903143
0.09665005793077389 0.002245931423733334 0.4091662996941907
0.08658771196120921 0.0016938135391333334 0.03893764525993815
300347.95276928286 300347.95276928286 300347.95276928286
0.09527454552173023 0.0008270461546266665 0.463568369011212
0.07260617435154726 0.003802334776266666 0.1402040774719664
330746.13489636383 330746.13489636383 330746.13489636383
0.07017893565037081 0.0011841881013666664 0.27403547400611705
0.11312941852566061 0.005475620977666667 0.05786471967380269
0.06926640703841927 0.004902453820033334 0.3513338328236495
844909.8411484874 844909.8411484874 844909.8411484874
454733.4267753993 454733.4267753993 454733.4267753993
0.11088812740194805 0.00474136536 0.2416514067278297
224055.71695548776 224055.71695548776 224055.71695548776
236820.57424396908 236820.57424396908 236820.57424396908
206048.10142711515 206048.10142711515 206048.10142711515
0.08751225320029199 0.004965523735999999 0.04035126401631173
0.09086543008544821 0.0029008596178000004 0.3573865443425075
0.08720834624024501 0.0016200123647666666 0.2895667889908258
400525.0764525994 400525.0764525994 400525.0764525994
0.07723702170073861 0.003104613709 0.46594015290519764
1.6643509599296397e+17 1.6643509599296397e+17 1.6643509599296397e+17
0.09643749371514934 0.003595660142666666 0.044709898063200804
0.08453790606516849 0.0026257638505000004 0.11044779816513861
0.07785121693669653 0.005408065049333333 0.01880563710499361
0.07670487231461279 0.0014436466133333332 0.39228107033639237
0.10735838593836125 0.0024483817333666668 0.07486629969419134
1.7976931348623157e+308 1.7976931348623157e+308 1.7976931348623157e+308
537346.5681277605 537346.5681277605 537346.5681277605
0.10556394670693965 0.0030321709091666667 0.0866361569826708
0.08783637343599511 0.0082805361 0.3886168705402633
0.08418634363737465 0.0028288872903333337 0.09327066258919459
0.07784505046815515 0.0022394176413333333 0.2644111620795111
0.07593836655566466 0.0007026369282666665 0.4588780937818546
0.10183798413638599 0.004815699856 0.13797078491335357
218534.89211688758 218534.89211688758 218534.89211688758
0.09558251752719588 0.0043532138173 0.04452195718654561
0.12933393277893845 0.0020673795016666664 0.2172294903160048
0.08121070828225829 0.001168796256666667 0.2645092762487242
0.08114344051595723 0.0002370595537333334 0.2759386952089713
1.7976931348623157e+308 1.7976931348623157e+308 1.7976931348623157e+308
0.07753860772653753 0.003179399447366667 0.07987101936799101
0.07465630693217074 0.005375164201266665 0.43670553516819455
224971.35151206172 224971.35151206172 224971.35151206172
0.07359767324956697 0.003059233856799999 0.24444068297655397
0.08704408286213597 0.0018613496269966664 0.25556961264016254
0.0949475066865009 0.0017245741156666668 0.07639044852191734
0.09799203877604828 0.0020638629223333335 0.4019131498470949
336594.91590214055 336594.91590214055 336594.91590214055
200064.4367991845 200064.4367991845 200064.4367991845
0.0899846526207961 0.002096416699666667 0.023936738022425796
0.06958258557542543 0.003975497159666666 0.08263223241590278
244428.48708800523 244428.48708800523 244428.48708800523
0.07898268647694143 0.0015197107099999998 0.4662858919469923
240999.0995582737 240999.0995582737 240999.0995582737
0.09597312691797999 0.002355370388666666 0.061471121304790266
0.07238030523158526 0.005093258064066667 0.30029168195718725
0.08115657456463043 0.007491579141999999 0.3730297451580018
255108.55419639777 255108.55419639777 255108.55419639777
0.08018115937984582 0.0036524020265433325 0.3362961773700319
0.0903892723536953 0.001212880251 0.4147599592252813
1.7976931348623157e+308 1.7976931348623157e+308 1.7976931348623157e+308
0.09843216148142826 0.0003250265103333334 0.36711125382262866
337360.8392796466 337360.8392796466 337360.8392796466
0.09645220382072517 0.002651706223333333 0.01818738022426114
0.06343542279454846 0.001303846913933333 0.32286003058103985
457378.2959565069 457378.2959565069 457378.2959565069
0.09712957061693842 0.003400655607999999 0.14357879714577004
0.07156204436026026 0.0036584213020333335 0.08007891946992896
0.07613578178589953 0.005981386573333335 0.004374373088683381
0.09084542818350115 0.0014309198388666663 0.23251469928644353
0.08515021948098458 0.0023203534890666668 0.08263995922528
0.08260719174605846 0.0005977865536666667 0.2584236391437318
254712.80581039735 254712.80581039735 254712.80581039735
382736.79493713874 382736.79493713874 382736.79493713874
232755.26673462443 232755.26673462443 232755.26673462443
0.07134183635664355 0.001856545994704667 0.008062385321101484
0.09361454200778696 0.0011928956832333332 0.2872629561671767
421175.64135236153 421175.64135236153 421175.64135236153
0.07595861289122163 0.00031853874312100006 0.33410075433231334
217131.2011552836 217131.2011552836 217131.2011552836
350349.60499490355 350349.60499490355 350349.60499490355
0.08379368687723313 0.0013875766768666666 0.19236825688073456
0.09074318907069544 0.0014553482648033333 0.36338242609582094
0.12313638918623607 0.002905988443833333 0.11068490316004143
0.06694059248284734 0.0028273550431666666 0.3005984301732907
268860.0917431189 268860.0917431189 268860.0917431189
0.07013287393094783 0.003303186966666666 0.046133374108052294
0.07156204436026026 0.0036584213020333335 0.08007891946992896
0.09470869824658397 0.00231612494 0.04883686034658474
0.10099043017729388 0.0026706768858666668 0.1106706422018342
0.07865090163540485 0.007579058095666665 0.15796040774719478
0.08175808086005812 0.0014384815900000006 0.015428858307847904
0.06874955210421015 0.001894440849491333 0.060825402650356075
0.08175063896138757 0.0015688326709999997 0.32915226299694256
0.09126922522330416 0.0046584814329999995 0.47789931702344424
0.08182832109345242 0.00023930349287000006 0.1828930784913365
0.07720828077103599 6.736687948533332e-05 0.36976074413863236
0.08877917629407872 0.003094785966666667 0.02927620795107133
0.089014288538642 0.002804906517680666 0.08081551478083737
0.0750867686886428 0.0033600628965866665 0.3262013557594292
0.08104167006953167 0.0045755194 0.07741487257900159
0.08792669812620975 0.004807604388533333 0.4463046279306826
0.14041489829527415 0.004634509222666666 0.010235280326198914
0.14239437235120767 0.0020934141248 0.45699388379204886
0.07918111661452754 0.0017996072317499998 0.12118008154943993
0.08153791157574844 0.002616636254233333 0.31631154943934847
277406.9189602444 277406.9189602444 277406.9189602444
0.08883250035134829 0.0005170004133333334 0.3073116615698268
0.10089330750487831 0.004229155443333332 0.29681708460754264
232275.41199456324 232275.41199456324 232275.41199456324
449695.8078491349 449695.8078491349 449695.8078491349
0.09175483645248209 0.003799158137333333 0.08980303771661591
0.06540537234980118 0.0017339741653333333 0.13463698267074564
0.08862949737888248 0.005322613302266667 0.2967338430173281
205395.36187563688 205395.36187563688 205395.36187563688
0.08690211000373574 0.0029072345266666663 0.08465781855249643
0.06813576284592016 0.0022883022393333334 0.20501478083588198
289243.790349983 289243.790349983 289243.790349983
0.08037652470567502 0.0019623220316666674 0.21774717635066398
0.10717836156110044 0.0017588845096666666 0.43058621814474995
0.128962972012072 0.0033354393226666663 0.02875136595310801
0.09174088641933936 0.002246518336333333 0.22536174311926604
0.08182564206844845 0.0006740684497666666 0.34734351681957065
0.0690373988891418 0.0019395479061666662 0.023970805300711717
0.09929381141405842 0.0004523048781333332 0.4261152803261985
0.07670797829571385 0.00627888454 0.16069573904179313
0.08931403601063251 0.004587676879866666 0.0022787155963306382
0.05757879159025221 0.001466124223333333 0.1752334760448533
0.1421650239813838 0.0017769058303333334 0.13224382262996848
558840.2565409447 558840.2565409447 558840.2565409447
0.08853145720548827 0.00818290950333333 0.15411626911315013
0.07728272244868584 0.005863521006333333 0.002653588175331567
0.06183340409877436 0.001803684822333334 0.17020544342507637
0.08205504789119866 0.002595558299333333 0.11617002038736057
0.10420277544144688 0.003791090686706667 0.31297775739041667
0.07748898644709148 0.0036997936266666663 0.18341185524974435
0.06992611926548145 0.005547806096791665 0.47322111111111154
270928.35541963956 270928.35541963956 270928.35541963956
0.099235456767379 0.0025105413684000004 0.05000729867482079
392307.6112810058 392307.6112810058 392307.6112810058
0.07142101690094385 0.006606203620333332 0.393775045871561
0.09331552591310668 0.0070444385699999995 0.41430097859327253
0.09733900869725598 0.00028963672466666675 0.14275952089704314
0.14336820391562968 0.0020870236571333333 0.4674545565749242
0.07574259293727906 0.004104186503333333 0.007112966360855122
261410.6269113151 261410.6269113151 261410.6269113151
0.0866790463552789 0.005324166265333333 0.08813176350662433
0.07606270816997403 0.0038118979566666667 0.2987134046890927
0.10349115689346228 0.00043848049334033326 0.4579214984709483
0.07736512833968297 0.004882973112799999 0.09368558613659594
280075.4884471627 280075.4884471627 280075.4884471627
0.08156103742113233 0.004859063478333333 0.0972006931702345
0.07223525913072495 0.006120062782666667 0.3424844852191624
0.08613387194366072 0.0025856280399999994 0.00709564729867207
0.07938222812494562 0.004806751246666667 0.026989133537205667
0.08186834367181235 0.0049317695 0.21240084607543475
246518.1787291879 246518.1787291879 246518.1787291879
330848.3010533472 330848.3010533472 330848.3010533472
433712.0667686034 433712.0667686034 433712.0667686034
0.09856270758930574 0.0020805531251333336 0.30519207951070415
0.11401300863002713 0.002560028758633333 0.20094557594291507
0.07846819716029832 0.006036625771333334 0.10898462793068076
245618.144750255 245618.144750255 245618.144750255
0.08499389004721461 0.002571244204903333 0.13058687054026485
278641.2928984029 278641.2928984029 278641.2928984029
0.08604291203924944 0.0031915963024333337 0.168211019367992
263712.7378525315 263712.7378525315 263712.7378525315
0.12023524788455223 0.004287355561333334 0.20791334352701396
0.13875440211857748 0.0037460509016666666 0.2999112232415908
0.06812070589493194 0.0032943634654533332 0.2585893985728851
0.08154688873087675 0.004800713084000001 0.06982003058104036
0.08501943358098096 0.0009017639179333332 0.2521342915392464
0.08670818605160764 0.0017417162156666672 0.2919063200815488
0.11917303754334199 0.0013307228786666669 0.25766969418960217
0.08238779955207705 0.002608140162266667 0.28528921508664595
311240.1630988788 311240.1630988788 311240.1630988788
0.08453386838533905 0.0017795623629999998 0.25910307849133574
236777.5229357798 236777.5229357798 236777.5229357798
281290.3117567106 281290.3117567106 281290.3117567106
0.13512404073063344 0.0029423429439999994 0.013633608562690469
0.07069077262039465 0.001087837433033333 0.2069265137614673
0.13915970447011042 0.002695098043 0.1346941794087666
0.08958744231780909 0.0016201144473333327 0.11950267074414
0.0814450302294665 0.0032228234559999996 0.15265719673802236
0.07779444841449401 0.0005465503325 0.21288746177369955
347623.1778797145 347623.1778797145 347623.1778797145
436158.3503228004 436158.3503228004 436158.3503228004
0.13723030758998495 0.0016266223877333334 0.04092016309887869
0.16028205298233544 0.003833068253666667 0.06370427115188493
0.09326818568700389 0.003423479763333334 0.37663018348623956
207318.26367652096 207318.26367652096 207318.26367652096
0.11564754777603437 0.00048665170066666667 0.21748580020387553
0.10179152255667022 0.0015762985838269998 0.2653602140672793
0.0692793104247232 0.003659690803333334 0.12260927624872453
0.09022650666687732 0.0017249696573333332 0.13590069317023312
0.07616072834386063 0.0005163710232666665 0.15426786952089744
0.07337370346905492 0.0024254564586000003 0.29464207951070254
394131.0524974517 394131.0524974517 394131.0524974517
334100.46721032937 334100.46721032937 334100.46721032937
0.11084879734334319 0.0009835099111333333 0.21485680937818552
0.09572742494914577 0.0058010740719999995 0.11914185524974563
0.0717850111004277 0.002447426440000001 0.23262537206931722
228692.8092082905 228692.8092082905 228692.8092082905
0.07751894439355711 0.0029459963964 0.30618006116208063
0.09346843506682348 0.0016587500246666663 0.3543064627930681
0.07870282407599874 0.005842332365333335 0.0032245463812445863
460088.6382942578 460088.6382942578 460088.6382942578
0.08497162581987408 0.0029093240146666668 0.14476474006116247
0.10318634628816842 0.0025058880561666663 0.07278369011213037
0.0767295645986803 0.0017570480658166666 0.01971229357798121
206665.65579340802 206665.65579340802 206665.65579340802
0.10967177725291005 0.0029106967437 0.30960582059123354
209214.96772001358 209214.96772001358 209214.96772001358
0.06769735976429632 0.005023778336733333 0.40514471967380183
0.06779561119466318 0.0012602911039999998 0.010539857288480281
0.10323477660777891 0.0011652494563166665 0.20653568807339484
326107.42439687444 326107.42439687444 326107.42439687444
0.08809413259651529 0.0034793811776666662 0.4070250152905204
0.08026870467530167 0.0009940212076666665 0.08463728848114282
0.09897660442547314 0.0017040703721133334 0.24388198776758507
0.10406203240457601 6.0413346073333326e-05 0.2928210703363914
201036.76945293957 201036.76945293957 201036.76945293957
0.08396837785347133 0.004187879726666666 0.11663292558613803
0.07331560004657181 0.0041845662698333334 0.08126719673802318
411539.5174991503 411539.5174991503 411539.5174991503
0.07663964197678903 0.0009221010049 0.2335081753312931
0.1423578531575305 0.002255958614533333 0.442751834862386
0.07859844775586984 0.0056231254380000005 0.12313218144750238
0.17032117948024186 0.0004537687883333333 0.19169322120285415
0.09465651880786047 0.0001093735410966667 0.382526452599389
0.07928679815498277 0.004205886819999999 0.23553636085626994
327164.0630309207 327164.0630309207 327164.0630309207
0.07664318885519412 0.003969379016666666 0.1824211518858312
0.09736966454378118 0.004444939971 0.3226267991845049
0.07187158514116661 0.0012866518076766662 0.20050501529051967
494344.0239551483 494344.0239551483 494344.0239551483
0.07033382007385128 0.0012884512262876667 0.04237878695208952
261671.0711858643 261671.0711858643 261671.0711858643
0.0761065283844378 0.0012336699236999995 0.23845685015290563
0.08564414653166773 0.002584697999 0.07223858307849174
0.07978885315072815 0.003687570578333333 0.36669513761467787
203107.2842337751 203107.2842337751 203107.2842337751
0.13524928969724753 0.0025027176883333333 0.07173571865443362
255587.7123683312 255587.7123683312 255587.7123683312
0.08191465169819526 0.00028833554413333325 0.03920325178389383
0.0733529950186363 0.0027285325980000003 0.1437223649337409
0.18586788961724346 0.004829709349333331 0.22813988786952155
0.10724995504300486 0.0027728735597 0.2857520693170241
0.09351385842290974 0.004676556673666667 0.19874575942915396
0.07688223581115072 0.0006995252293333331 0.4785587869520904
0.08286238970936895 5.1126830966666676e-05 0.41256439347604457
