0.07145146420296225 9.47898512903333e-05 0.34685924566768556
0.09859646484902294 2.733358843333334e-07 0.025878297655453686
0.05308868708335216 0.0007623769518866667 0.2852436391437321
0.09906061626039571 3.830143313333333e-07 0.11694118246687157
0.05215797834155789 0.0011126626069999995 0.3018885932721713
0.10399060719452191 2.0981839286666664e-07 0.03190897043832752
0.05257540360551341 0.0008706519800999999 0.34946321100917643
0.05564007906268875 0.0012373645299333335 0.14962037716615706
0.0828018201476185 2.1541942624300003e-06 0.10931107033639176
0.11872251018590943 1.857972673333334e-07 0.13113525993883757
0.051963429227059946 0.001994497819666666 0.24314696228338306
0.11304140397311623 4.5929728523333335e-05 0.35127373088685054
0.09060085678534364 8.318281333333332e-07 0.22348820591233576
285496.0839279648 285496.0839279648 285496.0839279648
0.08494368826290757 1.0165337444333332e-05 0.04986480122324144
0.09202807210629621 1.242065484e-05 0.18245372069316979
0.05536834731971496 0.002077307738 0.16078465851172385
0.08147396863796466 1.7983472854e-05 0.21339929663608537
0.05724770784777225 0.003130567606706666 0.23948213047910194
0.37021294555213885 0.3110598363435133 0.30473367991845013
0.09453796254252 1.5161535126666662e-07 0.13833388379204914
0.0554580474602047 0.0033196470397233334 0.42439148827726836
0.05917300546491973 0.0003979562227666667 0.01657290519877641
240371.96313285746 240371.96313285746 240371.96313285746
0.06326012771359038 0.0010091634516586664 0.25842109072375097
0.17324226467384207 7.231775599999999e-07 0.36835521916411906
0.06018701779910858 0.0007673920211566665 0.09125657492354744
0.3960528668533153 0.1678451946005206 0.2369857186544353
229816.36935100224 229816.36935100224 229816.36935100224
251406.7703024121 251406.7703024121 251406.7703024121
286151.7796466191 286151.7796466191 286151.7796466191
328753.18552497413 328753.18552497413 328753.18552497413
0.0582798711645679 0.0013651574419666667 0.44261742099897994
0.05106341822845553 0.0012404810563333333 0.3918522426095814
0.06130254517873597 0.0020863484370926663 0.04863358817533081
0.06351249291003458 0.0003057611653133334 0.47138802242609534
0.060658586874207956 0.0010814241785366669 0.21788478083588192
0.05768616075351388 0.0007547235562596999 0.02947170234454566
0.051159100041289686 0.0015121406640366663 0.38869639143730916
0.05705143305574212 0.0006826328253333331 0.12861852191641532
0.06556360062320357 0.00015748693624 0.1444887054026487
0.10972805215048619 1.323533103e-06 0.11053718654434164
0.07529391566763965 6.922721579999999e-07 0.343522772680938
400750.8027522941 400750.8027522941 400750.8027522941
0.052012842665638465 0.0016694444666666666 0.43103501529051913
309129.1029561676 309129.1029561676 309129.1029561676
0.09426455307823248 2.2054973333333334e-07 0.21757768603465832
211391.1017669048 211391.1017669048 211391.1017669048
0.09799258720606666 3.3827818029999996e-07 0.03450036697247638
0.05591889753028374 0.002143398117033334 0.12082599388379212
470052.77777777787 470052.77777777787 470052.77777777787
0.0515033731653652 0.0014018816033043331 0.4041657288481133
0.0697173754010435 0.00018669839346666667 0.25531872579000936
0.07278473841111477 8.184488303333332e-07 0.010112385321101147
0.051961023287559985 0.0011515506468433333 0.33200188583078516
0.28431969628077314 0.005601422146343333 0.3293801529051996
0.054524065086465935 0.002829534563323333 0.20655264016309927
0.08424872645311154 2.4413592726666663e-06 0.020608623853212382
0.0769783851658915 4.033738686666667e-05 0.17127721712538202
229628.05385660846 229628.05385660846 229628.05385660846
0.07653477530403381 3.6790879533333328e-06 0.47299926605504705
0.058862090434382834 0.0017065350336563337 0.02325258919469997
0.07162500002624717 3.0766606633333336e-06 0.26469012232415867
0.08181498553938303 1.2988847576666663e-05 0.19706344546381294
0.10152705264580655 4.2332347e-07 0.0002465749235471826
246369.0451919811 246369.0451919811 246369.0451919811
0.08994900019481007 6.619551756666665e-06 0.006443781855250297
0.08952359550975582 2.3921356899999996e-06 0.0008095005096846464
0.05115647886080754 0.0008701337470000001 0.4762403465851164
0.055619845696399106 0.00036928971289666663 0.46278760448521883
0.08373622790626914 1.64114913e-06 0.029422069317023958
0.05210858642083101 0.0009963902366000004 0.34467513761467794
0.06038902982677107 0.0037129238741366666 0.43772127420999096
0.3672319454173699 0.257233378696 0.3793679306829749
0.06252919156967399 0.002715355046666666 0.11748137614678944
0.09396851001979989 2.0585495433333333e-07 0.04054292558613648
0.05744819235267247 0.0006800638849783333 0.24515661569826852
0.07930031555319919 5.446875739666665e-06 0.28970305810397523
0.05555668118872296 0.00047919610420000023 0.1628831498470955
0.05693355257017299 0.0016032811906403334 0.1977483893985723
0.058038851919839485 0.0016779877724753332 0.22716288481141778
0.0915433430565597 4.0652167e-06 0.039599520897044105
0.060966754410970915 7.037567233666668e-05 0.2063779714576972
0.08937865207547716 1.8086656423333336e-07 0.15528661569826685
0.4071828261672823 0.35794309198905316 0.053325555555555404
0.052373711432024184 0.0006688825143333334 0.34681594291539275
350867.77098199097 350867.77098199097 350867.77098199097
0.08343566695308405 4.0588647066666665e-07 0.3601042609582059
0.07840664231944501 3.328361933333333e-06 0.3786960754332309
0.056553054181970534 0.0020107560970000003 0.0481730479102942
0.06119574074193423 4.5642287333333336e-05 0.16407938837920488
0.055771793768418745 0.00039785219432999987 0.346875096839959
0.06922860760500874 1.6918470951333334e-05 0.18384853211009178
0.07092052456652749 3.973112854e-06 0.062299133537208284
0.05395028972085758 0.00029812588200000005 0.27716464831804366
0.05509861788729922 0.00041827966133333344 0.2009933435270148
0.05769142956909948 0.0018089598351793343 2.3496432210112772e-05
418964.3093781856 418964.3093781856 418964.3093781856
0.05748120262943812 0.0024198535003 0.14637731906218088
0.059840327188858636 0.0021605650918333327 0.0286259225280312
0.052819029283735386 0.0014628461622666668 0.19832884811416873
0.055229784937011986 0.0007819680120000001 0.015695341488276338
0.05157286792585358 0.0014366160858116672 0.4118409785932724
0.10273320862675826 2.3452104766666668e-07 0.010619755351681803
0.10978741435115383 4.74622519e-08 0.04322541284403636
0.05854843595269528 0.0007031555006666668 0.03163081549439317
0.05376163640950682 0.00025064270699999997 0.15945717635066226
0.060195485487354386 0.0020146477980333326 0.0031187155963312563
0.08426179575606295 5.488228926666666e-06 0.3295573700305803
0.05867040224670146 0.0014822954823793333 0.08096833843017359
329414.5727149167 329414.5727149167 329414.5727149167
0.0852249589285933 1.2694837259999997e-06 0.0030270744138634065
0.05928398421825746 0.001282489661836667 0.15272799184505592
0.057378164495457185 0.0020783755866666666 0.33478378185525104
0.05167986959678912 0.0009138521840666667 0.19467914373088835
0.06720206719775797 0.0016900647574366668 0.42229607543323144
0.13864791057625117 2.3270780933333335e-06 0.3976821610601431
0.08168386960418084 3.663462375099999e-05 0.3010843527013254
0.061084193457508595 0.0012928909776099996 0.144866727828747
0.06654959233132163 0.00044558186929000013 0.21659087665647414
0.07811892386245241 4.4355586023333326e-05 0.2760224668705411
0.05276872539968758 0.000846860086 0.2887421508664634
0.055155386059534364 0.00026705852707233335 0.4525221814475011
0.08725328058671777 3.2939135833333337e-07 0.14376903160040655
0.055717228384668485 0.002120723630766667 0.036439571865443554
0.09263735573887384 1.4903103866666665e-06 0.18812742099898072
0.05052796442348576 0.0007644460836666665 0.47377606523955196
0.0700161983547782 1.2734363826666668e-06 0.1941035881753299
0.057790693776365726 0.0008955739354400002 0.1463121916411816
0.05782912270540959 0.002156310555666667 0.4793164729867483
0.09295784662687914 3.373312927633333e-05 0.13390297655453542
0.06663118521909406 0.0001238952256333333 0.18440059123343433
0.06667256578523453 0.0010853402792666666 0.08628264016309961
200518.63319741737 200518.63319741737 200518.63319741737
0.05677618730135095 0.0018159391452000004 0.240773282364934
0.10854858753757282 5.5501063860000005e-06 0.01847037716615807
302465.6897723417 302465.6897723417 302465.6897723417
0.054880724421310235 0.00014956300299999998 0.45031607543323116
0.05928520554085692 0.0008333747990789999 0.020306462793068025
0.05954845754365338 0.0019180880996 0.01464361875637099
0.06535713745415597 1.490982194333333e-06 0.29900758409786077
0.053033192419560574 0.001419325874 0.34823000000000137
0.05253827427986375 0.0011823679207999998 0.33638562691131346
0.055141642711255094 0.0012346643416080003 0.3959468909276249
222919.37223921178 222919.37223921178 222919.37223921178
0.07506385160113963 2.2244144266666663e-05 0.02576216106014284
0.07499271742880989 6.521138026666666e-05 0.051538837920489744
0.07701444511906921 1.70122902e-05 0.18117680937818514
0.05444737075474818 0.0027576169194333333 0.21601995922527983
0.061680396722238906 0.0015433790629833335 0.10146762487257899
0.1368433101221658 5.826089983333333e-07 0.27208335372069525
378289.39857288456 378289.39857288456 378289.39857288456
0.07529812496768773 3.5520089999999992e-06 0.16466193679918817
0.054549055797743676 0.00024281235323333328 0.4307639347604475
0.07212271980797813 6.724901977999998e-05 0.23962289500509693
0.058247059180533335 0.0010343830967433337 0.28854366972476875
0.05155274093957318 0.0013568301240000002 0.4242151580020397
0.06175281609904082 0.0004751068700333332 0.15570718654434224
0.0875533536744888 2.9012366420366674e-05 0.005446839959224459
0.0721786843860566 3.884910580466666e-05 0.09285255861365904
0.05259956477388531 0.0018536189874666673 0.26973139653414924
0.07118181544043163 2.2342681923333335e-06 0.35035373088684985
0.05909602198851123 0.0021056615925666663 0.023322691131498097
0.06656769292778311 3.4046137653333323e-06 0.09138600407747255
200336.33197417643 200336.33197417643 200336.33197417643
0.054154838478059276 0.0004031448234633332 0.37328064220183466
0.06514596933957169 0.0005661640655566667 0.31670503567788044
0.08868783448079805 6.13515256e-07 0.3243319673802252
0.0521705947005094 0.0019684929599999997 0.277406146788993
0.09904755524785867 6.69541593e-08 0.030693404689090542
0.1337149782837989 3.2220206666666658e-06 0.358924383282365
0.096877214180629 0.00030267202763300003 0.30562613659531124
0.05642397528273657 0.0018896701609666666 0.020893944954128774
0.40423968373759855 0.9380583056058424 0.10540709480122201
219153.75042473606 219153.75042473606 219153.75042473606
0.05905566487650559 0.001219818944389333 0.016522762487257925
200136.88413183828 200136.88413183828 200136.88413183828
0.06176846285813416 0.000669362271433333 0.24766359836901053
0.1052376547973708 2.3780373093333323e-05 0.3729179102956155
0.0587191540656445 0.0011523034637666667 0.3954607135575916
0.06814336544547257 2.027384682133334e-05 0.3216043628950067
0.08835803507562148 3.805739666666668e-07 0.1720888277268089
278452.5526673465 278452.5526673465 278452.5526673465
1442916992748513.2 1442916992748513.2 1442916992748513.2
0.08851634550519052 3.3273142133333336e-07 0.10815749235474081
0.056363682580565566 0.0026159846689502667 0.24409996941896006
0.07217538984529284 3.442216799633333e-05 0.06108256880734064
211211.61230037443 211211.61230037443 211211.61230037443
0.06088671875186853 0.0009151271266510001 0.39963799184505566
223291.45005096862 223291.45005096862 223291.45005096862
0.05436589057476782 0.00035809961883333333 0.1512362996941885
0.058351039346001825 0.001636046624114 0.06586904179408748
0.08938918399568062 5.639085310000001e-07 0.07263899082568814
0.08077184358451239 1.0973078616666669e-05 0.002057686034657724
208729.39177709827 208729.39177709827 208729.39177709827
0.09929532187318593 4.4177521524666674e-05 0.12426772680937948
0.07056134375130296 3.476473529666667e-06 0.08284930682976466
0.05754820819516404 0.00022796267466666667 0.09814922528032666
0.0837949429532665 2.4167636766666662e-05 0.15400161060142814
0.06326772549579647 2.5307868243333336e-05 0.43946986748215977
0.08899971661465439 6.692936949999998e-07 0.08099573904179413
0.06824506490710106 1.75506504e-05 0.4444472782874629
0.052220274811310745 0.0009273545090666661 0.22568444444444324
0.06215866016896047 9.207373688666666e-05 0.19943777777777827
211667.27828746123 211667.27828746123 211667.27828746123
0.09804797198510229 2.683894779999999e-07 0.016851997961263354
492129.4639823308 492129.4639823308 492129.4639823308
0.11973560511290285 7.132961173333333e-07 0.022485514780836713
0.05115943678120997 0.0016980377736666667 0.24490111111111235
233599.97451580016 233599.97451580016 233599.97451580016
0.064957281066181 0.00016088343652666663 0.22693556574923468
0.07540661395198955 0.0003168294324566665 0.11793124362894991
8659328037.29188 8659328037.29188 8659328037.29188
0.37753110955780106 0.4167254580550166 0.4758048623853206
0.058399602795084896 0.0005411221063333331 0.1692369317023461
0.0628221049581891 0.0009973146971446669 0.11474893985728762
0.06507734193700745 1.912265800943334e-05 0.19050139653414888
0.05979800438526872 0.0014249374213333337 0.2274371049949031
0.05676160926227958 0.00051974145506 0.34529613659531133
0.05656746842131432 0.0016682222603403333 0.008977533129460813
0.08671259110630679 5.722458740000001e-07 0.18983687054026532
0.059054764790086714 0.002148575966666667 0.0022886646279296485
0.07297661406694458 2.698694818999999e-05 0.16651599388379035
0.08970101877836219 2.2642163616666667e-07 0.1496644954128441
0.05564769152504911 0.0015469544674866671 0.2170972375127409
0.12521085134971632 3.780905866666667e-07 0.407192140672783
0.05614578611560953 0.0009147574221266664 0.4678117940876638
200405.8953448853 200405.8953448853 200405.8953448853
310027.9349303428 310027.9349303428 310027.9349303428
0.0515574266211601 0.0013228707306093333 0.3799375229357791
237452.95191980942 237452.95191980942 237452.95191980942
0.05968470221676502 0.00015034331016666668 0.16461677879714554
419991.58171933406 419991.58171933406 419991.58171933406
0.052369620511486595 0.0010679935610000003 0.30207112130479086
0.0685642599804033 2.5707075266666664e-06 0.0724953822629959
0.1036785721264175 1.954823256666666e-06 0.4389307951070329
300783.7920489294 300783.7920489294 300783.7920489294
0.078986493584372 8.838386917333336e-06 0.13006299694189494
0.05309193838046266 0.0005241600476666667 0.25939862385321
0.05187101065262215 0.0014393523113333335 0.4343775025484198
0.06813910652138858 1.2955729533333334e-05 0.027411794087665697
0.055522463039638294 0.0006775061302499998 0.11900901121304885
0.062339945348673854 0.0010545118848566668 0.29185774719673674
0.05827870394459093 0.0018683776480333321 0.014977135575944711
0.05699010413226349 0.0004317956455999999 0.1926875229357803
303863.6085626907 303863.6085626907 303863.6085626907
0.05458094026093488 0.0016946698654406668 0.21286794087665584
0.07790083720952803 2.184334622666667e-06 0.017567787971458415
342512.2918790353 342512.2918790353 342512.2918790353
0.052002910975628994 0.0013637385044333334 0.06605482161060161
0.054532536694188116 0.0010071201333666665 0.022370438328235487
0.056774282033336676 0.0007577964119666665 0.30079746177369815
0.056214498691103766 0.0008299530566666668 0.010631427115189052
0.053700685078357346 0.00037258978592866676 0.30513338430173365
0.05523607428239996 0.0006641299253333332 0.28720606523955095
0.08324128517268721 4.6680875999999993e-07 0.4155121202854213
0.13408358115611874 2.3093389435e-05 0.2511714067278277
0.07298697199393392 4.365573582e-05 0.39642068297655264
327148.5091743118 327148.5091743118 327148.5091743118
0.05256973018498893 0.0010342032201233334 0.16822622833843148
0.10657743931646778 4.077908868666666e-05 0.36345306829765445
0.05813234308928661 0.002052696262333333 0.050611202854230264
0.06473781918945098 0.00016715995239100008 0.41824124362895065
0.05783923599360881 0.00046548428810000013 0.015061671763506812
0.05682489693806832 0.0012652402 0.0575252395514787
224865.447672443 224865.447672443 224865.447672443
0.06306012299647175 3.8705871800000005e-05 0.4516445056065246
0.4056976981551549 0.08226259356 0.1314685117227321
234155.3559293239 234155.3559293239 234155.3559293239
0.06199300167730584 0.0008461432143976666 0.16596214067278314
0.36907551472969824 0.20312382654835 0.4708089500509689
0.05790317548527009 0.0017266237949999993 0.02040467889908193
212989.68739381596 212989.68739381596 212989.68739381596
0.0708889893523621 2.6705485529999995e-06 0.4631079918450549
0.057551217340270605 0.0009253401287569999 0.12444077471967319
210560.15120625249 210560.15120625249 210560.15120625249
0.05251549273312398 0.0012326962349066663 0.36308778797145713
0.05577781985754933 0.00039544842287333337 0.3025992864424061
0.05454195937234433 0.0001103550673333333 0.06224866462793033
217288.0011892635 217288.0011892635 217288.0011892635
0.0541763715433929 0.0016364920715429998 0.3297799796126384
0.05810103570327655 0.0017968928037999992 0.00718754332313809
0.060324337637987835 0.0014161564133 0.12124553516819603
0.05868408972967979 0.0005265108851433333 0.055211681957187064
0.0882547949285692 7.411006984999999e-06 0.29270321100917407
0.05943589319689483 0.0017246364526933332 0.01941653414882749
0.10268913160514372 3.2120150000000003e-07 0.06307410805300773
0.05926584676194775 7.350878431366664e-05 0.41610994903160003
415822.6936799183 415822.6936799183 415822.6936799183
0.06759558751795454 0.0019348912662000006 0.09073367991844972
0.06012356078543302 0.00040845561039000005 0.042900856269113774
0.10130616272586135 1.3361428142666668e-05 0.0318801630988772
203019.41896024477 203019.41896024477 203019.41896024477
0.05700032721357853 0.0019691284560179995 0.002974882772681653
0.05529349372750125 0.00025903037353333343 0.003654882772682111
0.06013183452837637 0.001493704558337333 0.07749377166156979
0.0982436073182952 2.1397686799999996e-07 0.014609561671763416
0.0784346063849293 7.944160097533332e-07 0.19778301732925652
0.07627078679461748 2.7778380793333332e-05 0.21083515800203845
0.05625941486409365 0.00047784915363333346 0.12464361875637131
0.05341531423809002 0.0015201963409999994 0.39012698267074564
0.056542088558422125 0.0024405295893333337 0.06258485219164056
0.08856863554171046 3.4167430000000015e-07 0.2840155963302742
0.07094713827201496 2.4504841566666663e-05 0.23725073394495144
0.1002681630191701 2.6060039666666656e-06 0.012929357798166397
0.06303495316401656 0.0020014939666666664 0.04520435270132506
0.05806374720992187 0.0015143246559966672 0.17045047910295663
0.061333912011862404 0.0006274535093766666 0.035647624872578554
0.05485176990897625 0.0004519407199999999 0.22789977573903908
351892.27828746184 351892.27828746184 351892.27828746184
0.057015287816011506 0.0007018064723833333 0.13938920489296613
0.06861557933800844 1.1719799883333327e-06 0.19565832823649298
0.05205690447879263 0.0012671931542333336 0.4088229153924563
0.0573348605405705 0.0012272338343466663 0.3208820387359843
0.09382523516483257 1.595285046666667e-08 0.07332272171253784
0.08008488354651466 5.227200033333332e-06 0.18646864424056986
0.06270000979874753 0.0016919916757283332 0.44989658511722563
0.09608267366479253 3.5231657299999987e-06 0.0632808868501531
202709.58205912248 202709.58205912248 202709.58205912248
256794.44019707743 256794.44019707743 256794.44019707743
0.05673620875630017 0.000197180026 0.18761332313965307
0.055948741112499104 0.0001468567976 0.4644953007135584
0.06671636837926305 8.642582399999998e-06 0.3043707237512736
0.09803100136920993 2.7153041666666673e-07 2.1182466869884564e-05
0.07057171000467333 1.2189104833333334e-05 0.4644498674821613
0.056635588713051 0.0007723104269999999 0.05324383282364886
274041.7431192654 274041.7431192654 274041.7431192654
0.05384391296148394 0.0014800202927763334 0.26670186544342656
0.05892597309849538 0.00042597036229 0.029714729867482248
0.05339903736697722 0.0010882451215633332 0.1827487665647305
0.06477759375798797 0.000639106457 0.1378361671763515
0.08255572239318572 4.064428694666666e-06 0.035400101936798656
0.37156140808082816 0.3823133627540333 0.4741457288481139
0.05881822073192085 0.0007772163589999999 0.32939985728848065
0.08416344883568733 0.000225148910901 0.2571096941896007
0.05848864556462541 0.0007114459982233332 0.3100421610601418
304653.67397213774 304653.67397213774 304653.67397213774
0.058860074462762785 0.0009282586158999998 0.18290698267074434
0.06454227659939585 0.00012206485573333332 0.06442168195718656
0.05581125096424322 0.0016198807974533332 0.22234694189602422
0.08284670579843044 8.537516062666667e-06 0.07664781855249592
0.053239601457744125 0.0008454406966666669 0.1838435779816523
0.066021947808187 0.0010749387224666662 0.1526709683995926
0.10479632883113313 2.2913821900000002e-07 0.016977777777778424
205807.4116547748 205807.4116547748 205807.4116547748
0.06730911007117975 0.00024004027103999995 0.25346389398572855
0.05416844753128983 0.001215705103333333 0.255322395514781
0.05364300266957833 0.00044850655566666686 0.004634026503567146
0.05964992961512542 0.001486498501586667 0.08828262996941705
0.06028821851498778 6.0767806186666655e-05 0.41157979612640005
0.06180336602692982 3.3722790196666645e-05 0.3359558307849131
0.05380813027228799 0.00031129165233333324 0.35193825688073277
0.08175589113388704 1.3140586063333331e-06 0.12719101936799238
0.38939945948040566 0.9099591793323667 0.3939314780835881
0.10544757643003273 2.230376406666667e-06 0.0900602242609585
0.05121754885875877 0.0012911177926333336 0.38908286442405604
0.05177289521667875 0.0014362410991200002 0.31638178389398464
0.06030212995753973 0.001201523666893333 0.2069862589194691
0.09397773515887911 2.2446810000000004e-07 0.03436606523955055
0.05598691625641716 0.0013829375562999997 0.12029273190621792
0.09508523159191443 5.3879157399999986e-05 0.26234136595310886
0.08387724031212854 1.6875305950666664e-05 0.16603977573904238
0.05474148705516764 0.0029865411649999994 0.23507595310907137
0.05395300117806227 0.0008422056213333333 0.364094821610601
0.05250944873900923 0.0008751367889999999 0.4183089092762491
0.06078941381708162 0.00035375756309999996 0.2562364933741068
0.05265069201571163 0.0007806873193333333 0.4080737308868505
1.3147058367185582e+57 1.3147058367185582e+57 1.3147058367185582e+57
0.10189475411650498 5.589561746666666e-07 0.24069329255861271
0.05260780581087698 0.0012040455979066668 0.2506517125382257
0.05121518955604838 0.0012864921361553333 0.4425829459734967
0.0638390469602498 0.0020717267173866664 0.04595409785932647
261332.43713897403 261332.43713897403 261332.43713897403
0.07379329329921458 3.508337940000001e-07 0.28338971457696216
0.0698905185349872 0.0011594253242723335 0.4059038735983691
209232.38617057426 209232.38617057426 209232.38617057426
212347.45158002022 212347.45158002022 212347.45158002022
267660.03652735316 267660.03652735316 267660.03652735316
0.05769142956909948 0.0018089598351793343 2.3496432210112772e-05
0.05504587492580515 0.0011828591323333332 0.08736355759429237
219580.21151885833 219580.21151885833 219580.21151885833
0.058417716068665596 0.0016697227681 0.04891073394495171
0.06325999476662325 1.1977897485000001e-05 0.13263486238531996
0.10374531592800516 3.5520646666666666e-07 0.06127726809378231
0.07325996834435067 1.40602394e-06 0.28954398572884843
0.05287700073614135 0.0017556502571 0.2439990519877666
0.05656690799906734 0.0010482843109117998 0.07978635066258866
0.054404798286506455 0.00034056531666666666 0.46751298674821573
0.07489540679833961 3.763501802e-06 0.3150288379204893
0.14113085920389065 1.4593527966666664e-06 0.46432926605504554
0.0597892262540051 0.00013204033956666663 0.1354828950050968
0.08336423893361478 2.203552294466667e-06 0.037443445463812175
0.10384599692188407 8.247306933333334e-07 0.4786629663608577
206933.38430173357 206933.38430173357 206933.38430173357
462732.5390757726 462732.5390757726 462732.5390757726
0.13621994494950518 4.405967910666667e-06 0.29744395514780875
0.09726856485226885 0.0001848366625896667 0.4471627420998985
227119.14712878034 227119.14712878034 227119.14712878034
0.053392640534600244 0.0023679492168333324 0.43853869520897204
0.059535973084140076 0.0013548725002473336 0.12894825688073386
0.054769721810672335 0.000260573073 0.06241182466870443
0.0578286035900745 0.0009074767833333334 0.08290633027522842
223578.42762487245 223578.42762487245 223578.42762487245
0.0847474356729055 8.102169666666667e-06 0.39214005096839966
0.0749623082146837 5.189541189999999e-07 0.03098147808358709
0.053545380088549546 0.0017574258046806671 0.1697529255861352
0.05854319912155921 0.0019113659739666664 0.02224495412843952
0.06296865833647232 0.0044358199077333335 0.4434835270132522
0.061313140505713605 3.334157549333335e-05 0.00935844036697464
0.10403403285842408 3.963924336666666e-07 0.016668338430173346
0.07518252876926382 0.0001247003731713333 0.277540713557594
0.3224175744923965 0.010586181447337332 0.1920405810397554
270976.5757730207 270976.5757730207 270976.5757730207
0.08546680986029911 0.00033543906083000004 0.23621935779816416
0.05630842448686868 0.00180887666219 0.028054525993882695
0.06919221689141666 1.1887328640000004e-06 0.26851766564730006
0.052286428930466304 0.0005751686860333331 0.4542078083588166
0.07976350876057814 2.3319215888999997e-05 0.3224206320081553
0.08582433677664397 1.8299785666666664e-06 0.007323883792048846
0.055878057280304885 0.0029049055963333336 0.32492715596330246
0.05824156631497031 0.00023541554266666675 0.10911971457696268
201932.99779136886 201932.99779136886 201932.99779136886
0.08327781238019004 2.289956360366667e-06 0.3335366972477063
0.09451984568106167 6.012787353333332e-07 0.24315983690112208
0.07420064686891584 5.907228049e-05 0.3553827828746181
326863.40468909236 326863.40468909236 326863.40468909236
0.0643759869296346 2.3855860259499992e-05 0.18628241590214145
0.0589536496985669 4.119091982e-05 0.17797512742099775
0.08752201802339905 2.456003333333333e-07 0.36218004077471866
0.09252636695784332 1.4428247469999999e-07 0.11094791029561524
0.4157833141551862 0.5524758939697867 0.052484097859327505
0.05974624312361472 8.2387088e-05 0.10881406727828624
0.10379345451244022 1.7237105844999994e-07 0.020390214067277146
285734.72222222196 285734.72222222196 285734.72222222196
0.051532291950575286 0.0016978764302323333 0.42888266055045854
0.08477560495829811 3.557076e-07 0.17501808358817605
0.05278049948845953 0.0002885039422333334 0.08200589194699281
0.05343389598181199 0.0011082495511333332 0.2718011620795102
0.069139498702481 2.7182577899999994e-06 0.062422201834862356
0.08328566831950308 4.6949820433333336e-07 0.06605758409785834
0.06388134208625976 0.00016964413148666662 0.005464964322119403
0.052726948350940266 0.0010880423640299995 0.32299907237512704
0.08991005498559762 5.64834981e-07 0.3340281141692154
0.08164526771281973 0.00021762802678 0.07381386340468943
0.0631100573809065 0.0003518162899466667 0.374940163098878
0.07762377160002905 2.5678193966666664e-07 0.2521653312945973
0.08919699407457322 2.612073666666667e-07 0.2415848623853205
465062.9629629628 465062.9629629628 465062.9629629628
0.3952023780366157 0.2292297606717777 0.3647687359836911
205998.4497111792 205998.4497111792 205998.4497111792
0.4166714506161656 0.2675731578267186 0.01105356778797173
0.06166019956525148 0.0010282821188399998 0.15705288481141766
0.09229539087009245 2.2897421799999991e-07 0.17312851172273147
0.05396438474943225 0.001399277126353333 0.11921690112130623
0.05366080427255733 0.0018476213860000002 0.3783750764525995
0.05822815694269108 0.0023547246605999995 0.05754161060142815
0.06220295900835038 0.00209065898 0.1672098470948007
0.09094773697354652 2.2166314999999996e-06 0.22481338430173237
0.07058926787517728 1.0898629333333335e-05 0.10220367991845247
0.07553646093122815 3.4943578666666664e-06 0.2860191946992856
0.061960757615284814 4.645402546666667e-05 0.1991599796126402
0.07689609618294957 8.588122976666666e-06 0.014889836901121445
0.05329509915495596 0.00040278274320000004 0.4357239551478078
0.11269503335093817 2.236117872666667e-06 0.16305609582059288
0.08450389254965361 1.1044695309999999e-06 0.21089580020387366
0.05597808359304071 0.0010385127042876667 0.2589800509683986
377540.15885151183 377540.15885151183 377540.15885151183
205941.72188243354 205941.72188243354 205941.72188243354
0.13728268925628315 1.010461179e-06 0.2985315902140675
0.0602572993106375 0.0008784187853333333 0.06092314984709546
0.05378337311231947 0.00041577505363333335 0.17999913353720887
0.06106909539739942 0.0005026448300666663 0.2966694495412834
0.055833353322631354 0.00041869583729999997 0.3736707747196726
0.13594405695307968 1.1502606993333332e-07 0.45320067278287457
0.05578343949451743 0.0012138698926333336 0.15388352701325214
221732.25450220847 221732.25450220847 221732.25450220847
250477.07696228393 250477.07696228393 250477.07696228393
0.05138389891322218 0.0008763568493333335 0.35002192660550424
0.08055989671026087 4.595514846666667e-05 0.09130581039755414
0.05793226509467497 0.001788034020333333 0.03703962283384232
0.07224833717361367 0.0004309775357666666 0.2439477166156987
0.06083640625594037 0.0016854855524766667 0.04189330275229386
0.051472386158656784 0.0009318301036666669 0.3955104485219154
0.0785308851480498 1.894803987666666e-05 0.34390188583078407
480394.3934760453 480394.3934760453 480394.3934760453
0.0635560056915575 0.0012237507944333331 0.26669923547400476
0.057866811287291056 0.0017987547465999998 0.024750265035676566
0.07325421972065271 2.4855369463333332e-05 0.3445254332313974
0.05535827998077162 0.0004695223498246666 0.31066614678898974
0.09803100136920993 2.7153041666666673e-07 2.1182466869884564e-05
249417.41420319353 249417.41420319353 249417.41420319353
0.05449815128748784 0.0009672258200000001 0.4495768705402665
0.3532411476644602 0.0002495801656666667 0.13682979612640178
326613.30699965975 326613.30699965975 326613.30699965975
307680.64475025446 307680.64475025446 307680.64475025446
411984.45039075747 411984.45039075747 411984.45039075747
0.059338670518277015 0.00043471473829566673 0.22807191641182412
0.09874490582261433 3.348087796666667e-07 0.03963299694189626
0.09578788405072661 3.673771656666666e-06 0.44522133537206887
0.05678878588350603 3.178339666666665e-05 0.07882747196738027
365152.7820251443 365152.7820251443 365152.7820251443
0.05280287277352014 0.0017744315733866664 0.3022619673802249
0.051157415399399365 0.0012565118476666661 0.4166983792048913
0.08174359193886671 4.697951999999999e-07 0.3640016106014272
0.05917939292888037 0.0017919161109333339 0.020848746177369648
0.09288327991497058 1.9427968183333333e-06 0.124636004077471
0.053550301413751715 0.0010747049950933336 0.1157939041794096
0.05435844325939698 0.0018829293790666663 0.20682759429153963
0.05229963113696815 0.0017427992238999994 0.1660236289500503
0.08702364577052246 2.950578693333333e-07 0.03401051987767678
0.07922777880427612 9.710267910000002e-06 0.2994469622833851
0.08847327039741822 2.178708666666666e-07 0.18921243628949957
0.060223895565935506 0.0006026035644833334 0.20269285423037697
211815.7619775738 211815.7619775738 211815.7619775738
0.07279235427010358 1.3818657663333333e-05 0.44378569826707404
0.3715563843417422 1.12893582590891 0.3166451580020393
0.10011444756752319 2.395646063666667e-07 0.000782670744138958
218365.24379884437 218365.24379884437 218365.24379884437
381147.6894325521 381147.6894325521 381147.6894325521
212396.0541963983 212396.0541963983 212396.0541963983
0.060648903867322024 0.0014307361573726667 0.03476749235473919
0.08418595439395145 6.502485497e-06 0.22415764525993875
0.07668103856848173 4.635740366666666e-06 0.3052798980632012
0.09904723267158462 2.9964840686666664e-07 0.0026863812436275225
0.054337972918768 0.0007427279058833334 0.14929375127420963
0.05794214808075411 0.002247745296423333 0.1444153822629981
0.05298957272172766 0.0006692664389999999 0.4147834760448528
0.05597808359304071 0.0010385127042876667 0.2589800509683986
0.0589312653507175 0.002025964877366666 0.07938923547400556
202958.88973836228 202958.88973836228 202958.88973836228
217854.7825348287 217854.7825348287 217854.7825348287
0.1016792287647913 9.829357416666666e-08 0.03422773700305903
0.0639278277752497 0.00021819641011666666 0.18503750254842055
0.06012431166092258 6.9417450000000006e-06 0.31113322120285414
207391.2291879041 207391.2291879041 207391.2291879041
0.05447980041816454 0.0006945218758433334 0.07875132517838646
0.09002013482065588 9.80285880333333e-07 0.04100562691131504
310886.21304790996 310886.21304790996 310886.21304790996
0.061402475781615284 0.0012210886374099997 0.08628617737003053
217478.57203533826 217478.57203533826 217478.57203533826
289162.6061841661 289162.6061841661 289162.6061841661
0.05996663946899368 0.0007229039372366663 0.007386911314985589
0.08990662571896542 1.9663121149999998e-07 0.13194211009174328
0.07548507614980378 0.0003265800391599999 0.44623785932721693
0.05821763083953742 0.0016833119806793334 0.04637335372069318
259315.22256201168 259315.22256201168 259315.22256201168
0.0559129150171969 0.0009219854688456666 0.2500655249745152
0.06106455895228809 0.0002707313633433333 0.4283988888888888
0.11241035233953994 6.189702153333333e-07 0.21453436289500738
0.051894153134635294 0.0007145013093333332 0.4294908053007136
0.09035334574302567 2.5776095833333337e-08 0.12346694189602436
0.06315014999030313 0.00018569326913999996 0.20307671763506496
0.07244252174225407 8.043521765033334e-05 0.2050089194699285
0.05193216858367481 0.0008813039540000005 0.041596982670744964
0.06775787448784076 0.001118625562666667 0.1099260550458716
0.052006055996278014 0.0013152080414666665 0.47460431192660524
0.05872744620732972 0.0015694041110000001 0.4738973904179393
0.09557602050157568 4.784972333333333e-07 0.1301466768603472
0.05121080617517529 0.0014485339815 0.42668289500509626
0.05337483663996152 0.0008176951229 0.24959904179408854
298893.8540604823 298893.8540604823 298893.8540604823
0.058579712866835644 0.00125387219389 0.005980917431193333
0.10488209034038083 2.9071491060000003e-07 0.04396039755351788
0.0644603229253284 0.0007599596410789999 0.4614469826707448
0.05843086687729111 0.0017851068887666673 0.0035387767584103003
0.05495364935317548 0.0009384334460799998 0.02155657492354779
0.063537374234367 0.0010041647114999999 0.21438881753312877
278237.88651036384 278237.88651036384 278237.88651036384
0.06419560386479276 0.00013345081168666666 0.1926683180428146
0.07524637297615273 0.00010553444640399997 0.3171051681957189
0.056335702775014346 6.496383079999998e-05 0.23431134556574928
245123.92541624207 245123.92541624207 245123.92541624207
0.10078812443468935 2.376002538e-07 0.0016264220183490607
313175.8197417607 313175.8197417607 313175.8197417607
0.07693233220489344 8.442938638999998e-05 0.17345948012232482
346483.13795446814 346483.13795446814 346483.13795446814
0.07864992598385581 8.129196500000001e-07 0.08650628950050931
354198.9084267757 354198.9084267757 354198.9084267757
0.05332395369153286 0.0006814572140000003 0.193975137614677
0.05467319271773507 0.0008104103910799999 0.0339766156982666
0.058080983196806914 0.0018410434677333335 0.006605657492355199
0.08898295621841562 1.8111165210000002e-07 0.16484324159021435
0.1018407714956451 1.641416333333333e-07 0.05503454638124339
1.7976931348623157e+308 1.7976931348623157e+308 1.7976931348623157e+308
0.05424052537818047 0.001058912375373333 0.0763146483180428
0.050615164600059694 0.0007649418843333333 0.47628311926605704
0.06287783397348204 0.00029559810666666676 0.1341213251783886
0.060092071626413016 3.30260075e-05 0.39726424057084575
0.3730897256476439 0.08396906132263667 0.19141941896024495
0.05496904829888234 0.0005742593522825993 0.03991800203873641
0.05203044124952956 0.0004300149106666666 0.47749983690111986
0.0510576358369054 0.0005764509923333334 0.41164998980632017
303076.1977573908 303076.1977573908 303076.1977573908
0.07666076031943639 4.638031056333334e-06 0.1014499184505615
259298.15664288137 259298.15664288137 259298.15664288137
0.053606036517875724 0.0007471141070000001 0.14165511722732038
385753.41063540545 385753.41063540545 385753.41063540545
819777167013931.4 819777167013931.4 819777167013931.4
0.12083795133643663 5.971011398666667e-07 0.18147972477064256
0.053315409791809154 0.0016720036596857334 0.3882148216106005
0.053857682749535646 0.0015908753943333334 0.3996454434250749
0.09894171507946457 4.5571129866666675e-07 0.00766793068297611
0.10966135822928931 6.1026138799999985e-06 0.2645954943934763
244411.6675161404 244411.6675161404 244411.6675161404
0.05840754850752594 0.0021857748759999997 0.19477704383282335
0.06215866016896047 9.207373688666666e-05 0.19943777777777827
0.09955030396632845 1.7113112733333335e-06 0.05174846075433326
0.05895803491138085 0.00406891037 0.4175545769622824
290444.193849813 290444.193849813 290444.193849813
0.06039014078031616 0.00017930833362666672 0.038822935779814216
0.05204244779652382 0.0006775071393333333 0.3498511314984718
0.051088528320189355 0.0007693287270000001 0.47858587155963184
0.05711482863942752 0.0013551491330733333 0.0753251580020402
0.06238792820769704 0.0011339230487526664 0.20906137614678766
0.0783442234296983 7.507657299999999e-06 0.47594805300713516
0.10248839465741316 2.7938185199999997e-06 0.06292605504587101
0.05685367447803098 0.0008823047886333332 0.11537388379204883
0.3954535897259026 0.14737308478688665 0.3803753822629976
0.05833704412305307 0.0007458677964999997 0.10194788990825732
0.05893305581251869 0.0007448773650499998 0.02374307849133439
0.05268946336647754 0.0013993073168552166 0.4451283486238524
0.058149689542961916 0.00228348125865 0.12502011213047837
0.07093407819226966 2.484806876666667e-06 0.05873005096839945
0.056872921151023825 0.00028904765384333344 0.305963190621815
0.09804899081857038 3.2229778513333324e-07 0.17347093781855305
0.057068025726681904 0.0016598724203810001 0.1634410907237509
0.1202910605762122 3.3151181966666668e-06 0.36891701325178383
0.0697173754010435 0.00018669839346666667 0.25531872579000936
0.057496378710077026 0.0010332245723319998 0.14746492354740104
0.06427148736001738 0.0006801938737433332 0.17678143730886875
0.06158656244785532 3.243234827333333e-05 0.2106393781855247
0.05091960053226278 0.0007525275023333334 0.47349475025484145
224983.28236493404 224983.28236493404 224983.28236493404
0.06092316025414979 0.002820081742 0.19544806320081554
0.05769142956909948 0.0018089598351793343 2.3496432210112772e-05
228646.2495752637 228646.2495752637 228646.2495752637
0.055447410731442284 0.0010090559924666664 0.02219617737003121
0.06609853523172478 0.00022329214763333336 0.39768170234454514
0.054593661860707576 0.0020511288531233334 0.27573887869520863
0.05698484255774027 0.001981948682 0.0006685524974519019
0.0567561276960656 0.00024265725546666672 0.18429783893985707
0.08495587179719565 8.95525635e-07 0.02555925586136576
279422.9994903157 279422.9994903157 279422.9994903157
0.09361384368918209 2.161224733666666e-06 0.18660053007135602
0.07406703024297634 1.336402856e-06 0.03473694189602483
366417.2612979952 366417.2612979952 366417.2612979952
243635.22765885116 243635.22765885116 243635.22765885116
0.05769142956909948 0.0018089598351793343 2.3496432210112772e-05
0.07911810407254186 3.480436743333332e-07 0.2826797451580023
0.09104173453477227 2.495588503333334e-07 0.12060166156982621
0.056033145166688184 0.0013505194102999998 0.21553287461773607
242677.38277268092 242677.38277268092 242677.38277268092
0.05106341822845553 0.0012404810563333333 0.3918522426095814
0.08674180999655633 6.264195356666665e-05 0.45437966360856197
0.10448681600242767 7.442698499999998e-06 0.002926126401631368
0.05293913816093476 0.0007864778729999998 0.17644262996941906
0.4092892946383829 0.39462908037873856 0.011914597349643063
296538.12436289527 296538.12436289527 296538.12436289527
465198.71729527676 465198.71729527676 465198.71729527676
0.05504587492580515 0.0011828591323333332 0.08736355759429237
0.06068056564060505 6.5272135e-06 0.2741332008154931
0.13339321115881708 5.159452503333333e-07 0.3276747400611617
0.05220451495623967 0.0012088914901733337 0.4307781447502532
0.05331213075795152 0.0004671344381000001 0.2365674515800209
399620.6167176351 399620.6167176351 399620.6167176351
0.05816036710359851 0.0016827805269333334 0.0007018246687051644
0.05239121000382854 0.0014060103403333332 0.44510866462793164
0.08879197101419248 7.855642036666667e-07 0.051001182466870354
0.4144855406309581 0.2544577178062483 0.012287614678898606
0.055954825968781347 0.0016120418626000006 0.057782762487256
292421.13064899744 292421.13064899744 292421.13064899744
0.09205429512896326 1.0778340933333333e-06 0.19606050968399558
0.06050436779690449 4.855607832333334e-05 0.47431943934760445
0.1039451358204404 7.2880280833333336e-06 0.015200234454636696
324521.3175331292 324521.3175331292 324521.3175331292
301455.80615018687 301455.80615018687 301455.80615018687
0.08193186540919609 4.524916323333334e-07 0.24794325178389398
0.11101080974232194 5.388486010666666e-07 0.14121852191641304
242996.69130139324 242996.69130139324 242996.69130139324
0.05303283697860232 0.0004333065418666667 0.27658411824668594
0.08547501734019805 3.310528745666666e-05 0.3460081651376159
214209.67125382196 214209.67125382196 214209.67125382196
0.08074092125246278 3.4342150000000003e-07 0.3923467380224248
0.061966007430031216 3.7076886563333335e-05 0.18436436289500424
0.15236246257487288 7.55821611e-07 0.43643821610601474
0.0521749837574685 0.00043635225433333346 0.4616822222222212
0.05475962990391317 0.0011355422742799998 0.07574551478083524
0.055148021433461786 0.0011229267675893332 0.3625796534148833
0.07298670356345603 0.0001470222432226666 0.3052674617737008
332668.36561332026 332668.36561332026 332668.36561332026
207100.58188922863 207100.58188922863 207100.58188922863
453283.3120965003 453283.3120965003 453283.3120965003
0.052589092741886084 0.001301309692373333 0.052499663608563285
0.0894122027384612 9.87243305733333e-07 0.13890126401630987
0.06473730766633308 0.0024158305629666662 0.017602487257900812
0.09883882712270027 2.2282108356666667e-07 0.03089797145769646
0.06492295146176981 7.7877259802e-05 0.4296764729867477
0.058602328377308756 0.0022367624823333336 0.38337511722731854
0.05229369321501694 0.0006345947228433334 0.057489928644240074
200379.0732246007 200379.0732246007 200379.0732246007
0.15486075020189405 1.123639783e-05 0.0257870234454618
0.38483878719248427 0.5254748086631561 0.11739620795107042
0.05222375184383983 0.0012347466080000005 0.3128029867482156
0.06932573973584795 1.4498116586666662e-06 0.22929198776758497
0.06685933855651283 0.0002404300614619999 0.14761430173292656
0.06442937659417876 1.0860704953333333e-05 0.10967858307849276
0.07504305253298667 0.00014108738107633328 0.38053558613659444
214285.89874277916 214285.89874277916 214285.89874277916
0.09330035089754152 3.545240033333334e-06 0.10862037716615758
0.061465302950466774 4.189220830333332e-05 0.09490096839958939
0.05888912996703255 0.0019156163757666669 0.15356804281345493
0.07453032352559448 0.00021226881326666665 0.20295505606523934
0.1105287530968549 2.2497733849999992e-07 0.04448860346585182
202607.80241250354 202607.80241250354 202607.80241250354
0.0527715990472947 0.0011238161673333333 0.04255185524974481
0.06548355219159951 1.4156038466666665e-05 0.27329043832823663
0.05905566487650559 0.001219818944389333 0.016522762487257925
0.41377373036690035 0.22410339506461902 0.08194571865443345
0.06912485778622449 7.272629948233332e-05 0.06801482161060113
0.1161177649547728 1.019234898166667e-06 0.07518750254841988
0.07768365937388336 0.0001507168202666667 0.08843007135575975
0.052137287808100896 0.0014271387577666672 0.4257783486238531
0.06371113755533371 2.9368160579999995e-05 0.3876434658511738
0.08482791990614702 3.6023148099999996e-07 0.373791264016309
0.37485053643549426 0.6559409343866665 0.3405948216106012
0.053737998576815965 0.00030078357 0.4463081957186543
0.05528090363524148 0.0041760314592899994 0.4791965851172275
0.10189645583175706 9.582160483333329e-06 0.4484340366972479
0.10420283201053929 6.19663471e-07 0.07444022426095787
0.05804336283330935 0.0005923964712333334 0.159089245667686
0.057822164221910735 0.0016860238029999999 0.06847349643221223
0.3704519776328554 0.0098065862298 0.44304102956167046
0.08901868228565485 3.6635029299999984e-07 0.14941001019367928
209653.42337750603 209653.42337750603 209653.42337750603
287293.05980292195 287293.05980292195 287293.05980292195
0.051653922594550886 0.00045343090366666645 0.45871104994902945
0.053205711115620516 0.0012005140933333336 0.44825097859327245
0.06083337121281011 0.0012050072723333333 0.13573090723751235
0.0933779151040636 2.6406557829999994e-06 0.07614858307849026
344856.11196058465 344856.11196058465 344856.11196058465
0.059076100541010236 0.001181411355461334 0.19740297655453576
0.06037480934616445 0.00016870436166666666 0.3647518756371051
474023.70455317677 474023.70455317677 474023.70455317677
230058.5159700981 230058.5159700981 230058.5159700981
0.0988035478317218 2.3944630833333334e-07 0.035048837920489184
0.07062638840281905 0.0003381156510853333 0.10795510703363842
0.055036079112097736 0.002323732809979666 0.30176705402650317
0.08083458267705057 6.941909543999999e-06 0.0636891437308873
0.08263876909913359 4.1379506699999996e-07 0.06709137614679017
228037.65715256552 228037.65715256552 228037.65715256552
240927.86272511014 240927.86272511014 240927.86272511014
0.051660815989638925 0.0016593795713333332 0.4490572069317027
0.09972785648373966 2.471880992333334e-07 0.001982609582059869
0.05794669876840364 7.389814369666666e-05 0.445051478083589
0.0597367870250199 0.0019184514743999998 0.01707336391437364
0.07835148762622719 5.270068569999998e-05 0.19456864424057052
0.05484172465759447 0.0027869264526666666 0.3121195820591245
0.0601687387391856 0.0012167089226666665 0.05573183486238564
0.12843799925028498 2.275919791333333e-07 0.2539615086646272
0.05265465345512017 0.0008388999515066666 0.1381857594291529
0.05833390659026105 0.002057043892666666 0.052486625891945415
0.09337402600336474 1.723342999733333e-05 0.3132215188583065
0.10091167159073842 3.4289590433333328e-06 0.20357372069317092
0.05691978224677589 0.0009316121430900001 0.1279171253822633
0.10961086037748533 3.111409556666666e-07 0.039725942915392665
0.06958626138890511 0.0003672897670566667 0.10312731906218131
0.056303628115257166 0.0007685438403333331 0.0733166258919491
0.05992025327512225 0.0016117521066666668 0.4694441080530072
217574.32042133895 217574.32042133895 217574.32042133895
340306.9529391776 340306.9529391776 340306.9529391776
0.10309734367193989 1.5579765039999996e-07 0.0010230581039740727
0.09219566236217858 2.245582666666666e-07 0.03272389398572795
0.06445266502970262 0.0030183310555663328 0.011274250764524929
0.05088652677501925 0.0007104227996666666 0.46759821610601193
0.05928525955391805 0.0005582667083200001 0.17389891946992764
264697.04383282334 264697.04383282334 264697.04383282334
0.0635674318837441 1.4398763666666663e-05 0.2872195005096825
0.09482206625016112 0.00018571458978000006 0.1629466768603467
0.05125461644216888 0.0011608600814686668 0.22960998980631997
0.1004945189483965 3.246746133333333e-07 0.06362728848114285
0.051692859188858575 0.0008897113268733334 0.033286187563708935
0.05813231008182832 0.0012819319339466664 0.0032033843017327257
0.05718426536560343 0.001420807465184 0.05459326197757397
394456.99966021074 394456.99966021074 394456.99966021074
219737.46602106714 219737.46602106714 219737.46602106714
0.0523285585180443 0.0007582317836666667 0.1691882976554533
0.0901477948516064 1.9345702666666666e-06 0.25839709480122375
0.40400586599771 0.19127735895772663 0.1710825790010193
0.07625495655000863 6.949980366666665e-07 0.3778921406727811
0.0686746422938191 1.1582383146666664e-06 0.2662244444444428
0.054965115201000184 0.000716840763972 0.26623112130479143
0.10375947037237843 9.794749486666665e-07 0.029504913353721296
0.055575365746417485 0.0009468670883466668 0.2542335168195722
0.05769570082289595 0.00040209050333333326 0.05967346585117239
0.08241234766524014 6.837969666666669e-05 0.031018409785934065
351496.3175331291 351496.3175331291 351496.3175331291
216222.11179068973 216222.11179068973 216222.11179068973
0.05842705549135137 0.0012529756818999997 0.3115954841997959
0.07893137204536638 6.026471273333333e-07 0.10945103975535186
0.09382523516483257 1.595285046666667e-08 0.07332272171253784
0.07898496756165407 6.137247756666665e-07 0.07293364933741087
0.10206470090395195 3.668279333333332e-07 0.10010795107033577
0.054180691533665074 0.0014592733529763336 0.08067074413863473
0.05353236653893267 0.0020891576086666665 0.4235291335372082
223804.6253822632 223804.6253822632 223804.6253822632
258083.22714916777 258083.22714916777 258083.22714916777
316924.422358138 316924.422358138 316924.422358138
0.10534986568976257 8.489530322333334e-06 0.03231437308868568
0.05447980041816454 0.0006945218758433334 0.07875132517838646
0.05197334622275096 0.001957718342566666 0.18482364933741113
0.38139954901575635 0.8716133509000765 0.4137422528032615
0.07708405770276597 1.5825338233333338e-06 0.0775283486238516
333020.23445463803 333020.23445463803 333020.23445463803
0.05660192788565632 0.0023143956587 0.22452187563710524
0.07480748963739106 5.4518078633333333e-05 0.1937993985728852
0.05655664240617885 0.0008326566330000002 0.26102087665647167
0.051592723208163875 0.0007421984316666667 0.47980550458715543
0.06229794665795203 0.0016051090337666665 0.06079635066259037
0.10712162573953846 3.5017472569999994e-07 0.028657930682976396
0.1092432743646704 1.349288714333333e-07 0.0992214475025488
0.051336631704667984 0.0010990837403366666 0.1540143934760465
0.0820058928234499 8.849616503333334e-07 0.14630969418960227
0.05830728599466595 0.002047370972166666 0.0932906320081548
0.055085658295498385 0.0020301182521333338 0.17087014271151935
0.05310408581877975 0.0016209372958 0.4749562487257899
238901.4271151888 238901.4271151888 238901.4271151888
201197.97825348296 201197.97825348296 201197.97825348296
0.05249794739400537 0.0008641417027994333 0.2426441692150858
0.05534308014015517 0.00040292486913333326 0.0717561264016302
0.08355908215271875 3.7755395933333333e-05 0.3439203567787965
0.055823347644950706 0.000826277873 0.017566452599389937
1.7976931348623157e+308 1.7976931348623157e+308 1.7976931348623157e+308
273772.663948352 273772.663948352 273772.663948352
0.10222171660178399 3.289379593e-07 0.20407411824668653
0.05537929282196396 0.0015940804270999998 0.18254799184505588
389212.1687054024 389212.1687054024 389212.1687054024
0.06195919841630744 4.062819848266666e-05 0.1711960958205898
0.09937650552524516 2.895350506666666e-07 0.011517522935779567
202982.01664967719 202982.01664967719 202982.01664967719
0.09294621928215803 4.925866427766667e-05 0.008759622833844016
0.08702169865652457 2.2110067099999997e-06 0.2868213761467877
0.07224368173157847 1.6913910480333334e-05 0.3602666870540272
0.05913198979162233 0.001352634135666666 0.07523185524974618
0.06994077389827309 0.00020280336610933335 0.055883985728848895
0.05959522447404375 0.0016276822396666664 0.08689858307849141
0.05678298529139895 0.0012425026368333332 0.26258691131498324
0.05635930006220405 0.0015947887646766668 0.05596981651376076
0.053829530721210175 0.0006335086531133333 0.20475622833843055
0.09184273193625664 2.041134473166667e-05 0.16662628950050973
0.05294568483157425 0.00181279396 0.3888182059123344
0.05549874127666672 0.0009390137124533332 0.32349178389398636
0.22779260229277912 1.3800514265666666e-05 0.08352191641182527
0.06020485222641306 0.0014346625567200001 0.04888326197757342
0.05487069144475368 0.0035211463337666655 0.24963642201834713
0.08763794305098596 2.4663872299999994e-06 0.2952548521916407
350906.2393815836 350906.2393815836 350906.2393815836
0.06821271921059882 0.0002212488884333333 0.12911598369011035
0.05146542780275916 0.0008748247559033332 0.3307402548419982
299565.71525654075 299565.71525654075 299565.71525654075
0.09129588040077055 2.2175085156666668e-07 0.14865946992864476
0.11470477490941633 6.269619200000001e-07 0.44640755351681904
0.05845460830838448 0.0018045007160243328 0.007835851172274477
0.12385097395156469 9.898760856966666e-06 0.10341423037716568
0.10736378583768935 5.244003373333333e-07 0.0186613149847088
0.07302499036155952 1.440111666666666e-06 0.28202202854230274
333766.61569826707 333766.61569826707 333766.61569826707
256352.675840978 256352.675840978 256352.675840978
0.08692014768555517 1.4976558933333327e-06 0.2219321712538216
0.06268867136465786 0.00036740469410333334 0.21727394495413055
0.05193145609906735 0.0014009317420666662 0.4597662181447504
0.051310214890215367 0.0004724330533333333 0.4005409582059132
0.0510146029445669 0.0015472276118669668 0.2735325178389387
0.05977222364824204 0.0007444176086566668 0.15755073394495334
0.05604083692885109 0.001208140566333333 0.25208193679918445
0.1004236936710318 1.810209395233333e-07 0.015392395514781665
0.054874070131517384 0.0006019765028666668 0.12158489296635988
0.11176898967614063 5.684865683666667e-08 0.45392268093781896
0.07189807720260766 0.0006864585863833335 0.18797186544342503
0.06006085514256979 0.0019490783118706672 0.1550364016309893
231390.33724090963 231390.33724090963 231390.33724090963
0.07628272904983593 8.211937786666667e-07 0.31184069317023244
0.05813456658820455 0.0018207342076333333 0.0007195412844041016
0.06424139910698193 2.8024604440000016e-05 0.21528863404689114
0.05689965649409101 0.0007906867784666664 0.06785272171253753
0.06462387142976536 0.0009252219215199995 0.2653678491335367
0.1118975203562453 1.8293323329999997e-06 0.11636774719673726
0.055081135332992186 0.0011216102939933332 0.10011790010193788
0.06827482970513861 0.0005317001123433334 0.1548595718654453
0.131524887379225 1.3405368566666666e-05 0.4743090417940883
0.05960395099231241 2.248865493333333e-05 0.40553515800203854
0.09133584052897133 4.3199666666666663e-07 0.03378045871559632
0.12012436619438255 9.170999999999998e-07 0.3281487767584097
0.09316168834071784 2.1440057883333333e-06 0.03663165137614666
0.1161610855622032 1.5448312350000002e-07 0.11615138634046973
0.05203044124952956 0.0004300149106666666 0.47749983690111986
0.06220460597726503 0.00012458421166666668 0.053517054026503974
228589.3008834521 228589.3008834521 228589.3008834521
281970.01359157235 281970.01359157235 281970.01359157235
0.09018539252930098 2.946593333333334e-07 0.07587988786952149
0.05256079688199833 0.0013651660595166667 0.16046635066258874
0.06651681535706458 0.00019568661134333336 0.1981397451580018
0.10448681600242767 7.442698499999998e-06 0.002926126401631368
0.06579465266561094 1.0299330966666668e-05 0.1939423445463806
0.06981392186049584 5.981352838133333e-05 0.0699132823649351
0.08174170237653187 5.320972234999999e-05 0.03993864424057181
0.11009861849127514 3.3375351170000006e-07 0.16839393476044906
0.06619486581414816 2.929590276666666e-06 0.13850873598369162
0.08702364577052246 2.950578693333333e-07 0.03401051987767678
0.06495475611569701 0.0005040499791833333 0.30688554536187507
218538.82093102328 218538.82093102328 218538.82093102328
0.058054520831832296 0.001818123444566667 0.0009791946992869782
0.05722663154651948 0.0008761207930000001 0.34529978593272137
0.08733420782076598 5.411447426666666e-06 0.20640879714576954
217539.6151885829 217539.6151885829 217539.6151885829
0.05912541478730874 0.002268759310666667 0.18408419979612534
237774.2609582052 237774.2609582052 237774.2609582052
0.0707347997942819 1.0089383967333334e-05 0.26566593272171257
0.11149284259104895 1.3939908073333334e-06 0.13825626911314925
0.37232632675714566 0.10720836087891998 0.10787645259938783
0.051593760426601756 0.0007784425213333334 0.20679621814474913
0.05769142956909948 0.0018089598351793343 2.3496432210112772e-05
0.06551001521576341 0.0012382686228443337 0.31454430173292636
261604.32381923293 261604.32381923293 261604.32381923293
219286.55283724118 219286.55283724118 219286.55283724118
0.0791418444373613 0.0008732062377886663 0.03569754332313968
0.060716078729665696 0.0012491912125666667 0.4675806931702353
0.061013212391219485 0.00071446914464 0.21280746177370036
0.060581740241546014 0.0006155180838033332 0.0017967176350666136
0.05428552214254837 0.0019441458345063327 0.2277078491335356
0.08286154395552557 4.112632553333333e-07 0.242506982670744
0.09453796254252 1.5161535126666662e-07 0.13833388379204914
0.05506300895294032 0.0012221599951566667 0.0041345973496436095
0.1008752263884756 5.292404718999999e-07 0.0991660448521916
1.7976931348623157e+308 1.7976931348623157e+308 1.7976931348623157e+308
231856.1459395171 231856.1459395171 231856.1459395171
0.05126695989454429 0.0009605374700000001 0.40806798165137526
0.06293753015650734 3.933782383333333e-05 0.1825614067278285
0.054184978943238364 0.0011390192073333335 0.23682454638124373
0.05292035437680875 0.00121594797 0.25488413863404746
0.06664370694805635 0.0009474470384003333 0.22991468909276191
0.06598472139638219 3.944068583333333e-05 0.1438328644240583
293656.81277607905 293656.81277607905 293656.81277607905
0.06909333859456775 0.00027002384773666655 0.1920729867482156
0.05222056668732625 0.0012140624966396666 0.1667718450560649
0.05426898905896212 0.0011884410255999997 0.009161967380224123
0.071484044529489 0.000372161463235 0.21266964322120252
0.057568362510787965 0.0018594469144999999 0.007815993883791617
0.053825194867070714 0.0016424079173333332 0.1575285423037709
0.07052793924269003 3.618764475666667e-06 0.08678881753312995
0.060243498496235 0.0014802353767666666 0.14050620795107216
0.05169232338088266 0.0013943135269766668 0.0826335066258923
270856.64712878055 270856.64712878055 270856.64712878055
413623.79799524264 413623.79799524264 413623.79799524264
0.06373922484372958 0.0005037777286666666 0.30098614678898983
0.055966919080152125 0.00022240164651333338 0.05689785932721714
0.1009043433530461 2.7245450400000007e-07 0.012154831804282118
237466.61569826698 237466.61569826698 237466.61569826698
0.06674340179898844 0.0005942538817399998 0.4330544036697239
0.08044633278709679 4.183967566e-05 0.3449999082568813
0.1018407714956451 1.641416333333333e-07 0.05503454638124339
0.058887411199317424 0.001897181768175 0.016593251783893592
0.09448404682250791 2.218619821e-07 0.07410943934760361
0.05728658589668778 0.0015979537146333332 0.04467465851172259
213422.9272850836 213422.9272850836 213422.9272850836
0.059486755158151154 0.002258676079756667 0.10993748216105859
0.056258220759933614 0.0021957323876333336 0.4529421610601423
0.05844475856041538 0.0012701830454999999 0.0058191743119277994
0.06830169342428545 6.392022859e-05 0.3789283384301738
0.05720629761916074 0.0007976499946666666 0.14366414882772593
0.06237121716489798 0.00036850998268999995 0.37453725790010184
0.06080767552858123 0.0006912694331746667 0.2944693272171248
0.05396827007095295 0.00030876035199999994 0.37873635066258915
0.05937629096589229 0.0007219597066366667 0.12892801223241612
0.056507668573905837 0.00037916808905666665 0.25581972477064285
332342.35474006145 332342.35474006145 332342.35474006145
0.10759121839147062 3.0438748660333336e-06 0.06692357798165238
0.0510576358369054 0.0005764509923333334 0.41164998980632017
0.0523873893301466 0.0011271960525266666 0.37145557594291523
258387.0073054706 258387.0073054706 258387.0073054706
0.10147472486455666 2.690411946666666e-07 0.07383168195718692
0.05207814944083244 0.0010771812296666667 0.24547420998980618
0.051925950405080926 0.0018939134716666668 0.41062031600407733
0.05940098562657055 0.0008423747231466666 0.04283410805300791
0.054733021217875634 7.7719575e-05 0.3116412945973499
0.05088652677501925 0.0007104227996666666 0.46759821610601193
236268.5737342848 236268.5737342848 236268.5737342848
0.0632690387210398 2.839214385333334e-05 0.3912471967380231
0.08838430509407175 3.4343107466666663e-07 0.1984497145769626
0.07365290190900504 1.0419971199999999e-06 0.4765624464831806
0.05380113834101474 0.0018502119149999988 0.3879149133537214
0.09398353315929145 1.7565592113333335e-05 0.18287091743119133
218771.22409106418 218771.22409106418 218771.22409106418
0.059147066473759335 5.2008032591333326e-05 0.3024047298674821
0.05788374817203723 0.0029737971607313343 0.38406969418960424
0.08941601703175224 1.1521943343666669e-05 0.08716615698267116
0.10382497330488996 8.944875334333333e-07 0.011468603465852212
0.10078812443468935 2.376002538e-07 0.0016264220183490607
0.0517580067457064 0.0009596518 0.009146646279306392
0.09844597551120429 2.928546343333334e-07 0.004126095820589537
248431.8042813456 248431.8042813456 248431.8042813456
