0.07033026193684162 0.00014993031520233336 0.16402826707441331
0.05769277389212668 0.0017842850076110867 0.01950945973496454
229796.51715936145 229796.51715936145 229796.51715936145
0.05224360545108463 0.0012827661323333336 0.1355274923547407
267932.407407407 267932.407407407 267932.407407407
0.050615164600059694 0.0007649418843333333 0.47628311926605704
0.054998055930639334 0.0012878284030666664 0.43210511722731804
0.09385389741341357 4.3777637366666667e-07 0.3913416921508661
363566.551987768 363566.551987768 363566.551987768
0.05608938746301051 0.0002831111453666666 0.37168507645259874
0.05411691361192127 0.0004747883103766668 0.00538913353720849
0.060392871474840765 0.0006386852573666666 0.28300567787971476
0.06455767899329992 3.272042923333334e-06 0.29512724770642285
0.08157418655524784 2.1849890313333332e-05 0.37684649337410736
269702.149167516 269702.149167516 269702.149167516
0.05234684224472996 0.0010989948799999998 0.23733953109072425
0.05268649639021912 0.0011014142272 0.32229761467890006
0.05922357659018377 0.0017605118996333327 0.0031020998980646475
0.05868722937205942 0.0006485886523333336 0.12692762487258014
0.05956577394492857 0.0006200719657499999 0.17701282364933846
0.059763874916659535 0.0017535138220999998 0.004550468909275018
0.05310813629725023 0.00019813002 0.18340006116207963
202624.59225280315 202624.59225280315 202624.59225280315
0.05899535373848026 0.00011938148066666668 0.3094209480122334
0.08107528481599702 0.00019165186506000002 0.16191938837920317
0.060932729646458086 1.0672307053333338e-05 0.022776014271151723
0.05636129560634351 0.0011625027263126668 0.05040010193679967
0.054515053571710784 0.00035661211833333333 0.37036919469928486
0.05753184522690369 0.002586914933333333 0.15067948012232524
0.0787971113198426 1.3046113133333331e-06 0.03624709480122279
0.4112851046068509 0.21448002183507334 0.007866238532109104
200567.6605504587 200567.6605504587 200567.6605504587
0.052460952410514294 0.0012284023263333334 0.41980964322120284
0.08611291447658623 5.403517043333333e-07 0.012023017329255037
469985.33384301775 469985.33384301775 469985.33384301775
0.0597574368852343 0.0024429610489 0.3922226401630988
0.054518000230557265 0.00021394995956666664 0.2024700509683992
0.06128463545618963 0.001221106771 0.013146452599388514
0.06450944196225646 1.8323236099999995e-06 0.06250743119266078
0.07878772766975572 5.833632599999998e-07 0.005414709480122681
0.05231486735566918 0.0004701740268333332 0.30555164118246747
0.11602422085064286 4.5020688592999997e-07 0.3358307747196756
0.059153659029568595 0.0013226027603333332 0.06161646279306687
270441.02956167207 270441.02956167207 270441.02956167207
0.08144715761540566 7.578217048900001e-05 0.18816234454638092
0.053798307682998314 0.0006858600199999999 0.029474831804282786
211681.1884131835 211681.1884131835 211681.1884131835
0.10415408427375517 6.224203966666665e-07 0.04182557594291625
0.3097769769523911 0.0018845897507600005 0.1744285932721703
0.39252328996975483 0.022975387305425327 0.11107813455657434
0.057260949099665205 0.0008279379751666665 0.013946269113150667
0.055154361519403776 0.0031919278707966668 0.36153067278287443
0.06826814201351046 0.00011290190233333335 0.14911707441386213
0.05559935006291934 0.0007337551723333333 0.10211900101936777
0.07434256980054887 8.835194655000001e-05 0.27073441386340624
0.06813833671977945 0.0006338879840799998 0.029552334352700438
0.0642958572500435 0.0008906834017333336 0.011030530071354239
0.055382391878162254 0.0004054226713333332 0.02904159021406727
0.3782173351058678 0.20364128169636664 0.3370071355759445
0.07247611129152216 0.0012821314917333332 0.4237800917431196
0.38204890501890215 0.06741604638436667 0.055284189602446965
0.057902443765242596 0.0008003270273333332 0.009491406727827556
0.05538366032984639 0.0018876107595466665 0.24336396534148808
0.06295026014321961 0.0009208902035766665 0.2124367074413862
0.09887705114084691 3.2744156466666674e-07 0.46214332313965456
0.05613937831093514 0.00017016133833333333 0.4567405912334359
232292.34624532814 232292.34624532814 232292.34624532814
0.05285964099793997 0.0005250236913333335 0.042886452599389724
0.09318131180629743 6.209194666666665e-07 0.20543451580020333
0.057781128818766216 0.0012186427720800002 0.1251377370030582
0.05873882351678601 0.0009516369023333335 0.2062844138634059
0.05501064182293283 0.00019967382388333334 0.3804364220183487
1.7976931348623157e+308 1.7976931348623157e+308 1.7976931348623157e+308
0.0737083484950551 1.0927754099999999e-06 0.004371590214067744
0.06010620829812922 0.0007877815526666666 0.036783414882776366
0.06733055365729215 3.9798133366666656e-05 0.4417730479102959
233106.57492354768 233106.57492354768 233106.57492354768
0.05777968088062368 0.00039073244452333326 0.16710281345565603
0.057498198960989844 0.0006035548651866665 0.08572549439347554
0.1357918809193237 5.356694263333334e-07 0.42745681957186576
0.06500925086769371 2.0308877133333335e-05 0.14726569826707436
0.05546320997194212 0.0009997821582666668 0.05238404689092846
0.10642325546901679 1.2067565990666669e-05 0.2786614373088687
0.05296099487681656 0.0013746057691 0.07968425076452634
0.08148875323506244 3.702487523333334e-07 0.17570946992864434
0.056935552618244484 0.0005403282900000002 0.051823741080532226
0.05814053611847565 0.00013769752366666664 0.10010365953109002
0.05894787196588061 0.0017764257304660003 0.03980927624872521
246013.53635745848 246013.53635745848 246013.53635745848
0.07567799434759381 3.3800674399999997e-06 0.07527094801223289
0.05934996855722307 0.00010860526985666671 0.44640005096839985
0.07660753115044334 5.1749850721e-05 0.1123711824668705
0.051268678408764735 0.0009577366510000002 0.23522581039755286
0.061078054887554536 0.0010630566679466665 0.03298479102956131
288378.2067618079 288378.2067618079 288378.2067618079
0.05226190198061901 0.0011207967100000005 0.124904311926604
0.10427012456319298 2.357354273e-05 0.21646657492354748
0.07777389491650366 0.00018086206629999995 0.3417660448521924
0.07386862777459609 1.2960503533333333e-06 0.2299550254841991
0.105571878048661 6.17476238e-07 0.020695351681956797
0.05266107518977773 0.0006515794073333333 0.2490859123343525
0.05702821073638127 0.00014143763049399998 0.24317380224260976
0.06650513972191104 3.309971061233333e-05 0.3340538735983687
0.05570265662874274 0.00043964900900000025 0.21836799184505473
0.05943595378526445 0.0009844680694199998 0.2760066768603462
0.057733582058790194 0.0007074174530000001 0.29888126401630855
0.06871206449361207 0.00023048806914999993 0.33394316004077496
0.053347237289414845 0.0003642437766666666 0.005678644240569852
0.05252122196716805 0.0015281726366033334 0.3812388379204892
204835.77556914723 204835.77556914723 204835.77556914723
0.09382523516483257 1.595285046666667e-08 0.07332272171253784
0.06467303960768456 4.729814919999999e-06 0.07111978593272283
0.051258040491922764 0.0008694108252666667 0.3482668909276243
200561.82891607133 200561.82891607133 200561.82891607133
0.05769142956909948 0.0018089598351793343 2.3496432210112772e-05
0.10387671411450206 7.252246763333333e-07 0.12824120285423035
0.05769142956909948 0.0018089598351793343 2.3496432210112772e-05
0.054735691811490995 0.0006891967839880001 0.10129924566768533
261752.94342507693 261752.94342507693 261752.94342507693
0.05373448093193674 0.00032762776586666657 0.19413705402650328
0.07468475505822177 3.130216886666667e-07 0.15475016309888057
229222.54077471994 229222.54077471994 229222.54077471994
203998.30105334637 203998.30105334637 203998.30105334637
0.06144264705848101 0.00030443512933333336 0.09882274209989683
334662.66989466577 334662.66989466577 334662.66989466577
0.09445476720049564 5.391681799999999e-07 0.09003831804281281
0.0751888591509774 2.970224666666666e-06 0.1852940366972482
0.09315364786413896 1.629863956666667e-06 0.03412390417940747
0.09767693713356958 2.0403844526666674e-07 0.12488504587155935
0.08871595143534712 2.3968856664333334e-05 0.36685669724770653
0.07322825879098156 4.459630999999999e-07 0.06782160040774565
0.0698304688043222 0.0013318394379899998 0.18848339449541163
0.051712829577144986 0.0009224006626666669 0.22922098878695074
203312.86527353033 203312.86527353033 203312.86527353033
246967.34624532767 246967.34624532767 246967.34624532767
219835.18943255208 219835.18943255208 219835.18943255208
0.06925740436074353 2.6027372509999995e-05 0.05325076452599298
0.09067075508739637 2.707669426666666e-07 0.1567077370030585
0.12462108317107863 3.251633666666667e-07 0.468040214067279
0.08839206520709218 4.4715759966666656e-07 0.3731260244648311
0.058892466899522024 0.00031352075050000006 0.47079345565749176
0.053104783536079905 0.0006815986922999999 0.15974539245667696
0.05429190568761895 0.00114082652517 0.07804975535168168
210728.18127760795 210728.18127760795 210728.18127760795
0.05561537987969052 0.00037218120666666666 0.20403816513761486
0.09817144363918312 8.348338293333333e-07 0.007768073394495811
0.057401574763500274 0.0010867240452666668 0.4568602548419989
0.0835054228750874 7.023882453333333e-07 0.15289027522935816
0.05421755778288857 0.0011569561269999997 0.41609449541284294
0.10448681600242767 7.442698499999998e-06 0.002926126401631368
0.06238752551055592 4.123066366666667e-07 0.36857042813455765
0.07424511605336544 0.00015083893396666668 0.16680085626911367
0.09271382765577674 2.2566810336666666e-06 0.14045437308868491
312373.1736323474 312373.1736323474 312373.1736323474
0.05607845372627829 9.391873347999998e-05 0.44384496432211895
0.06422188376864857 8.028810313100002e-05 0.38917681957186456
0.36874379208255453 0.20172175948826665 0.14735055045871626
0.09523601596114431 3.2145560666666668e-06 0.00678314984709516
0.05345019048329284 0.0006171875560000001 0.11770509683995867
0.05689983631764113 0.0014627772252633327 0.36343551478083524
0.3884423620999888 1.243310263733133 0.12496166156982547
0.3718139504985655 1.2417116000899997 0.2705268705402659
0.09992998001545306 3.797137296666666e-06 0.05590576962283267
0.05993760432851573 0.0018049171290333338 0.005678939857288956
0.10528538666235987 4.228243479999999e-06 0.01990574923547417
253660.0110431535 253660.0110431535 253660.0110431535
0.052529381785388754 0.0007885489906666667 0.014238369011215113
0.05805700892405611 0.00046086983651000025 0.18998707441386253
0.09803100136920993 2.7153041666666673e-07 2.1182466869884564e-05
0.05769142956909948 0.0018089598351793343 2.3496432210112772e-05
0.06246865139718123 0.00034507393444766665 0.3881207339449553
0.06263520351165655 0.0016819360514533333 0.4332871559633018
0.09013977028333549 2.43591338e-07 0.05795126401630979
0.05869594059979703 0.0005691769056666667 0.06490135575942757
0.05149475674381543 0.0017485815303959998 0.27983720693170255
0.10438503184914252 3.080276666666667e-07 0.045953832823649066
0.076823716037445 8.062509256666666e-06 0.04640254841997882
0.09237695640758477 0.0002794321435756666 0.33797385321100837
0.12566675845154665 6.310261963333333e-07 0.47083720693170106
0.058264435239331114 0.00040122743626666666 0.4310265035677876
0.05597709407939466 0.0006267860204399999 0.3938232619775741
0.054278268560551624 0.00105657236733 0.12941434250764727
0.06673948396142892 1.4951353226666667e-06 0.2832175025484194
0.07963237813364968 9.74014177e-07 0.1208132517838938
0.057587039546328704 0.0001662624282666667 0.07223674821610615
0.05769142956909948 0.0018089598351793343 2.3496432210112772e-05
0.054821951899381396 0.0028974862219999994 0.3818066666666651
0.13745647490558888 4.5359915166666663e-07 0.4031942507645254
0.09341981662759968 3.0588638399999994e-08 0.08506435270132462
0.05381909814938068 0.00028742288403333337 0.3330451172273201
0.37293882618658575 0.6358345186249332 0.3110981957186536
0.05679816558258143 2.5999334623333328e-05 0.26439330275229267
0.08087663071705796 3.312744905966667e-05 0.08416419979612666
0.07961080273442395 2.384319499999999e-06 0.2384562589194683
0.05621294097880532 0.0019969801725333337 0.39800482161060247
0.09676416706502533 5.940600733333332e-07 0.21710094801223212
0.0511681587426462 0.0010733870076666666 0.43791413863404705
0.05966842804415854 0.0010024839707506665 0.23738061162079438
0.06055743156629326 0.0017424551310566666 0.10947280326197717
250283.5584437648 250283.5584437648 250283.5584437648
0.06397703454320638 5.6670582783333345e-06 0.3433570438328237
250259.7052327553 250259.7052327553 250259.7052327553
0.0657671098813863 8.604147999999999e-05 0.2502239959225281
302530.5258239892 302530.5258239892 302530.5258239892
0.05187708661617019 0.0014161307144333335 0.345583527013253
0.055312032634232636 0.0005617031494999998 0.21615116207951068
0.06528767106980467 1.0144118783633332e-05 0.23259129459735073
0.06009292260599674 0.0012574850625999999 0.3241639653414854
0.05539026259801938 0.0007332635446099998 0.016092222222221952
319724.1335372065 319724.1335372065 319724.1335372065
0.0544866709398828 0.00032327718933333337 0.004969357798164875
0.0723997433621395 0.0006162466083333333 0.07822064220183433
0.059181531193782624 0.001747258966033333 0.05203302752293526
0.053890916289622684 0.00013759945363333334 0.0888215290519887
201150.05521576566 201150.05521576566 201150.05521576566
0.0522462613300294 0.0005773047518666665 0.3500322426095832
0.053466081542790714 0.0010875938661362666 0.06791102956167228
296140.324498811 296140.324498811 296140.324498811
0.06853360506550928 0.0006195909660000001 0.456172731906219
0.06113925582180927 0.00020166211706666666 0.04966587155963298
0.06357832690801568 0.00028674744934399995 0.34731652395514834
0.11740168307412159 3.1787718800000005e-07 0.284441488277269
0.10186364624694384 1.6031031486666674e-06 0.23796412844036618
353789.5854570163 353789.5854570163 353789.5854570163
0.23809158660990626 1.3961596183333332e-05 0.0533399999999995
200154.64237172887 200154.64237172887 200154.64237172887
0.06108442465849976 4.7374504137333344e-05 0.4612975025484203
0.08131018931647767 9.476799095599999e-05 0.1801287155963296
0.06727390032140042 5.062255773333333e-06 0.06128924566768479
0.058833888750382604 8.609069773333334e-06 0.29253243628950054
0.0677837446996414 2.3050357826999992e-05 0.25812811416921555
0.05152591698844721 0.0015833727 0.43787920489296717
324687.5424736666 324687.5424736666 324687.5424736666
0.0694098305506137 5.8728524437333334e-05 0.11014249745158144
0.0545141846842635 0.0014542046814543332 0.1495870132517827
0.09010914053305386 2.2037486303333335e-06 0.03743540265035561
0.06252561647210786 0.0004940275697933331 0.3182724260958216
0.05803580754037159 0.0033515194859566663 0.18337444444444495
0.058341325673177215 0.0005779794693333334 0.22070290519877434
0.055719239041674265 0.0004979489416 0.018027696228337664
0.06278751433894803 3.4299630066666666e-06 0.1458050560652402
0.09397773515887911 2.2446810000000004e-07 0.03436606523955055
0.0594095023527756 6.377136766666665e-05 0.10189708460754376
209865.07390417974 209865.07390417974 209865.07390417974
246339.19469928677 246339.19469928677 246339.19469928677
0.05944874767446395 0.00036035453929999996 0.17266176350662432
134777426546.04144 134777426546.04144 134777426546.04144
0.05440947203123632 0.00013125118200000004 0.40945362895005033
0.09068249698438431 4.057190193333332e-06 0.3965485932721715
0.058621515551731784 0.00013162748083333332 0.19008502548419992
0.05927403778405789 0.0027130313833333337 0.045070723751274855
284544.11739721365 284544.11739721365 284544.11739721365
220707.1865443424 220707.1865443424 220707.1865443424
0.053015070351383344 0.0001941452792163333 0.29190085626911344
0.06084870177761266 0.0007191707876666666 0.42080941896024404
0.061209986387697736 0.0008178437129999998 0.17283608562691155
0.06802135996018988 0.000660763897 0.4385250662589195
0.0635067444491616 2.3101929733333335e-05 0.41921528032620015
0.07267880592449352 4.391317551333333e-05 0.019207502548420408
0.05506384151129469 0.00047655958743333336 0.05289574923547402
253643.8370710159 253643.8370710159 253643.8370710159
0.05327346603513983 0.00046985982893333353 0.3668699796126411
0.05174193315144959 0.0012689931009999998 0.24908787971457835
0.05755563805307924 0.0020651203319666657 0.08299899082568896
272983.7453278964 272983.7453278964 272983.7453278964
0.096591371139348 5.479090620000002e-06 0.015248990825688757
0.051187812266783664 0.0008451719649999998 0.44264350662589225
261699.77064220185 261699.77064220185 261699.77064220185
213512.3598369011 213512.3598369011 213512.3598369011
0.05575201506997251 0.00044355635829999987 0.0653233639143731
0.05925180723094473 0.0005624215096246666 0.03211808358817558
0.052435002377539314 0.0009801709810666668 0.20645670744138522
0.057967137588695275 0.0010631657199999998 0.11076881753312984
0.07678103222269864 1.529497623333333e-06 0.36471583078491276
203560.43577981665 203560.43577981665 203560.43577981665
0.07690288490935529 2.8562675778999995e-05 0.1746040366972479
0.06205755240395412 4.456267183333333e-05 0.1104255045871545
0.08172608915762739 6.300733633333334e-07 0.32284053007135505
0.08142766855949934 4.290014239999999e-07 0.251412385321101
288292.49490316 288292.49490316 288292.49490316
0.05902963722645345 0.001512577167333333 0.39636257900101945
0.0754553227922969 0.0002337427405666666 0.3006095208970434
0.06698531873068081 6.251376999999999e-05 0.42788044852191676
0.06880137635745665 9.747531299999999e-06 0.002107145769622676
0.05144250143215504 0.0010145474486666667 0.32580146788990705
228453.69096160308 228453.69096160308 228453.69096160308
214855.8188922869 214855.8188922869 214855.8188922869
0.05918431003717224 0.001464082724533333 0.1215153924566783
0.05345721397149501 0.0015896225866666664 0.17312867482161165
0.09855573597986017 2.403213344333333e-07 0.03184533129459943
243171.58086986069 243171.58086986069 243171.58086986069
0.061073843940844766 0.00010750312135333332 0.2768789296636074
0.05449260106524079 0.0006289166941333334 0.06557492354740146
0.05351567367416347 0.00022920003848666664 0.3724005096839962
0.06859350408077305 7.876037766666668e-05 0.035908623853210475
0.06050105849990317 0.0019230755637333328 0.017021111111110265
0.11592321874342246 3.198826666666666e-07 0.29370388379204915
0.0549283374925162 0.001179721006 0.19841182466870633
0.09550719781590569 3.0529337166666655e-07 0.08810354740061221
0.05521739281458107 0.0011105141623333331 0.2943911722731891
0.05501554195352083 0.003426950666666667 0.28052853211009365
0.06975765369208631 1.1675540379333332e-05 0.10526341488277158
0.053379168635812595 0.000990017023333333 0.1689807237512726
0.060899786126196356 0.0003243969211063333 0.22407989806320083
0.08733006480241108 2.0471267833333333e-05 0.3555704383282352
0.07370324968777438 3.4502936666666657e-06 0.39348483180428095
0.058663495320063944 0.0005659728938333333 0.08699935779816448
0.09156500123952019 5.615754866666667e-07 0.06586875637105116
0.07934060590571863 9.554239866666668e-07 0.3562227217125393
0.05545356375803219 0.0008068868981333332 0.013408613659529056
0.06242430501636387 4.375357999999999e-05 0.15763036697247612
0.08029507965500476 1.547828069e-06 0.1433961365953107
0.05864919497888488 0.0008818638155333333 0.16894202854230356
0.06757683789916538 3.680999236666667e-06 0.19341159021406762
0.0786065521695749 1.57573357e-05 0.2540358103975535
0.08822121167748567 3.397103973333332e-07 0.44091735983690006
0.12316189935570286 3.159015999999999e-07 0.3658591946992864
0.055205235692784974 0.00028216149766666673 0.12371407747196894
0.07830015161312619 3.962895349999999e-06 0.06407458715596448
0.07984821513128813 2.6781127400000003e-07 0.15977155963302714
287968.52701325226 287968.52701325226 287968.52701325226
230832.52633367278 230832.52633367278 230832.52633367278
0.055277880687264094 0.0013145697985 0.38831751274210013
0.057407814370798185 0.003586645233333332 0.33007401630988875
258926.27845735627 258926.27845735627 258926.27845735627
344093.4930343187 344093.4930343187 344093.4930343187
0.05177718513107832 0.0011451745639999998 0.2164383588175327
0.11737143533664135 6.164477091333331e-07 0.2281114373088684
0.07579661361607659 1.4293082129999994e-06 0.41967081549439245
0.05533407552877933 0.0007626982666259998 0.0035084913353724545
0.11404379011342923 2.026258276133333e-06 0.09711095820591265
0.07827356291098733 2.3875154673333333e-05 0.01913384301732801
0.05742301194572774 0.0004888516511866665 0.23074887869520921
0.07962799900850276 2.9853276933333333e-06 0.03031864424057229
0.09923151115683393 0.0018397615353333335 0.3596408664627928
0.07313906964581596 1.5722978966666663e-06 0.2157089806320096
0.07256256264170331 3.2973129438999996e-05 0.11183482161060176
237846.39398572894 237846.39398572894 237846.39398572894
0.05801464914864991 0.0007974544112666664 0.02149058103975321
0.061348464883684985 0.0001409176725633333 0.36682786952089774
0.057013769742857504 0.0012960850052333333 0.402786911314986
0.06449151821581522 0.0008886436895333336 0.0030091131498464208
0.05902852208749398 0.00016442272454666667 0.04653691131498583
0.4069846992163291 0.20848534535096033 0.10955979612640121
0.0718862729009186 3.0010015873333334e-06 0.08490120285423242
299930.17329255876 299930.17329255876 299930.17329255876
0.055007553904316664 0.0002697634438019998 0.08124497451579993
287972.6299694191 287972.6299694191 287972.6299694191
0.055054146301107276 0.0002934034613333333 0.14762876656473
0.0531387167811308 0.0012541482970239999 0.2368585728848105
0.07483600655703915 0.00011266487512133334 0.13087444444444474
0.05510205331669811 5.7898873186666656e-05 0.3680257594291545
0.07445006791049054 1.6500647566666661e-06 0.22600480122324162
363585.82653754624 363585.82653754624 363585.82653754624
0.06332843558284451 0.0012715713672586666 0.16789662589194787
0.09697517661789681 1.4768151033333333e-06 0.08480957186544424
16120635455058.613 16120635455058.613 16120635455058.613
0.06153447890897901 0.0010028586066666665 0.04688666666666741
0.05655193238932395 0.003559584166665199 0.33190330275229396
0.05661042497135489 0.0019420183606666667 0.14486426095820581
0.06960729656259233 4.4864392e-07 0.36019462793068335
0.07160024798621674 9.637293589999999e-06 0.17832144750254653
495364.5132517837 495364.5132517837 495364.5132517837
0.09322660259655671 2.92103246e-06 0.06370280326197708
0.061667233962852855 0.0017257097360366663 0.019785259938839506
0.06849413124260662 3.0030740599999996e-05 0.36584618756371023
276977.98589874245 276977.98589874245 276977.98589874245
2.770271564626233e+21 2.770271564626233e+21 2.770271564626233e+21
490739.71287801565 490739.71287801565 490739.71287801565
0.05242466279568321 0.0004814821576666666 0.296209622833842
0.05328428743501763 0.001744795204 0.33289501529052057
0.08325700388204418 2.6568309399999993e-07 0.2181235372069299
0.057556960847484406 0.0011126743262333334 0.04654107033639088
371707.6240231059 371707.6240231059 371707.6240231059
0.05251593250865641 0.00106357780734 0.1939992456676869
0.06106112906630175 0.0006676519068333333 0.2143302650356782
0.09849227694309029 3.985124e-06 0.3870275637104994
0.07600816382205336 1.7839163019999995e-05 0.055779439347603876
0.07034824078758262 0.0002901807257333332 0.05744407747196778
0.06788681576554192 1.5000180602999997e-05 0.15549665647298605
0.0692205218994412 2.882689853333333e-05 0.2767809480122323
0.09735325872822327 9.626305393333335e-07 0.04314572884811563
236034.50985389142 236034.50985389142 236034.50985389142
315458.1676860343 315458.1676860343 315458.1676860343
0.3961135233346277 0.17558073508640995 0.05829079510703217
278526.5163098876 278526.5163098876 278526.5163098876
0.0558473002786292 0.0018302425670546668 0.004895270132518892
293139.81056744786 293139.81056744786 293139.81056744786
0.08992244357940143 2.0717362333333333e-06 0.08579500509683946
0.05769142956909948 0.0018089598351793343 2.3496432210112772e-05
0.1142811904383392 1.4063373699999998e-06 0.16470562691131585
0.062398039961851295 0.00016130041586666664 0.3898832008154942
0.06103264769087054 0.0005669529213333331 0.11219371049949078
0.06763964124285866 0.00015190689726666667 0.09727351681957153
0.05699522635474566 0.0022689075869000005 0.20137167176350568
201197.24770642188 201197.24770642188 201197.24770642188
0.06030810126879552 0.0011615352087433332 0.09968178389398608
0.07041996568220901 0.00015440316533333337 0.0878200509684004
0.05232309513297276 0.0003868764333333334 0.45252826707441507
326928.0538566088 326928.0538566088 326928.0538566088
0.06271542454226844 0.0001414554453333333 0.26516583078491385
0.054012503602943476 0.0005656972374666668 0.04154244648318128
230623.36476384694 230623.36476384694 230623.36476384694
0.057071282438510895 0.00032442408466666677 0.0051097655453618
201950.2463472642 201950.2463472642 201950.2463472642
307936.55708460754 307936.55708460754 307936.55708460754
0.05633909350041917 0.0008941981257666664 0.08498900101936657
0.0580058385865817 0.0006467990134613334 0.027818552497451687
0.054162892434145064 0.0007723087131999999 0.3797937818552488
261627.3742779478 261627.3742779478 261627.3742779478
0.10833806933183002 1.0022349099999997e-06 0.4543401834862377
0.052451119074725695 0.0006950079131333331 0.2563471559633017
0.059715480016435 4.229783566666667e-06 0.2934185321100924
0.08272466571969797 2.3008277206666656e-06 0.23853191641182514
0.06409745285633735 0.00012285478678066665 0.32331875637104934
0.055325101493127596 0.0026233622004666664 0.2385522833843039
0.0918538819275242 5.628860839999999e-06 0.00735765545361966
0.07482938747121962 0.00013005605836666665 0.2530712028542301
0.05525357800920268 0.00022386630992333325 0.40895613659531094
0.06349137467337698 1.5093180856666665e-05 0.36916613659531095
0.0511681587426462 0.0010733870076666666 0.43791413863404705
0.0627362495658735 0.0004112278649966666 0.1258588685015285
0.05612856497393848 0.00117253242793 0.29567692150866565
257047.08630648997 257047.08630648997 257047.08630648997
0.053871420533624294 0.00048039888333333334 0.05860815494393545
0.05947564602221522 0.001188346774723333 0.18426594291539145
0.05555909923870054 0.002626723892300001 0.30681788990825476
280956.04825008457 280956.04825008457 280956.04825008457
0.05780432277058981 0.0009450317856666665 0.04892253822630099
0.08312592483827688 4.798989876933334e-05 0.062429113149847115
0.05639113692036013 0.0005573895548999997 0.22619618756371063
0.05610640231020092 0.002025576101458667 0.21179310907237525
0.05156739641971512 0.0008264780308666668 0.38664884811416833
0.10106246601181704 5.241987385e-07 0.027647614678899313
294284.45039075724 294284.45039075724 294284.45039075724
309767.6308188924 309767.6308188924 309767.6308188924
0.05372132727149273 0.0009545899846566668 0.1880490112130495
0.06679675899779172 7.910124645733333e-05 0.003296238532111584
0.08156316928402477 1.5889560033333334e-06 0.05107937818552433
0.07740125709980435 7.676594632010664e-05 0.3469494903160055
0.05378020988992274 0.0006529626865033333 0.4434565035677869
0.0581249095715642 0.0002777875612333334 0.1984522120285419
0.05352167076729234 0.0007220710633333334 0.1870860652395514
0.08072273510738721 4.913293436666667e-06 0.040605800203873166
0.07080427668328304 0.00010226517372666668 0.03378841997961324
0.09186059237637925 2.4817532196666663e-05 0.22304538226299675
0.05769142956909948 0.0018089598351793343 2.3496432210112772e-05
340183.7920489288 340183.7920489288 340183.7920489288
0.09769875748057999 2.6469867866666665e-07 0.035308165137615255
0.05950890075354102 0.00014775862885666664 0.1787201630988795
0.05769142956909948 0.0018089598351793343 2.3496432210112772e-05
0.07847230771302952 0.00011739285991133335 0.41728790010193784
356122.8168535511 356122.8168535511 356122.8168535511
0.06047976691394933 0.0015088774746666665 0.013220203873598013
50399313469249.07 50399313469249.07 50399313469249.07
0.055246178832031936 0.0006317688129000001 0.04598492354740147
0.05887067335546943 0.0006583922115466666 0.1086672986748205
0.4206365357242765 0.78490982016408 0.10909816513761372
0.12041254856249535 2.922961666666666e-07 0.37392762487258
0.05324209731342407 0.00019342206576666661 0.08995728848114126
0.05232907730734966 0.0007773688878 0.41274821610601276
258542.07866123025 258542.07866123025 258542.07866123025
0.08620826746925923 4.409897906666666e-07 0.1330282874617721
0.053385061477061124 0.001358276996666667 0.4355877981651384
0.05651609443906683 0.0006057622793333332 0.4128598165137607
0.08780801813377932 4.037758613333334e-06 0.25247169215086673
0.4071469434369746 0.37062284665792666 0.012018623853210286
0.05381909814938068 0.00028742288403333337 0.3330451172273201
250285.40180088332 250285.40180088332 250285.40180088332
0.0625805563984579 1.3106115666666665e-05 0.21366666666666578
0.054898460965387266 0.0009130662359333332 0.0016290214067273823
0.060695296191923376 0.0002657756279866667 0.4742332517838932
0.053890916289622684 0.00013759945363333334 0.0888215290519887
0.05306257366668443 0.0015408866546666668 0.22864854230377185
277508.55419639783 277508.55419639783 277508.55419639783
0.05657317118374708 0.0011371043201999999 0.19950544342507825
0.05527376061807472 0.00011312060474033328 0.407589867482161
0.05503103550221562 0.00043371672056666683 0.25528848114169334
0.10079684978196453 4.4316132333333334e-07 0.1990059429153921
392640.3839619432 392640.3839619432 392640.3839619432
0.07832546868227733 1.6091883833333336e-06 0.11477328236493367
0.08074576423914144 0.00015297960233999995 0.29183271151885704
0.059695859453049074 0.0008182604035166665 0.10459150866462741
0.06001339177672656 0.00030313921858666663 0.0024349235473994923
0.07564780405828744 6.735018723333333e-06 0.18052807339449517
240675.46721032995 240675.46721032995 240675.46721032995
0.05769142956909948 0.0018089598351793343 2.3496432210112772e-05
0.06652798202790092 0.0002202878323000001 0.383625535168195
0.056644693201308494 0.000894424394 0.07892373088685023
238284.1233435262 238284.1233435262 238284.1233435262
0.06485458114010974 8.851159831666662e-05 0.06033693170234411
0.05934576266848705 0.0004909866287066668 0.07482075433231339
0.10889176625638985 1.2902460690000003e-06 0.25302652395514613
0.09958617764756024 2.71231561e-07 0.02358186544342411
224995.09853890663 224995.09853890663 224995.09853890663
0.05650136019375384 0.0004679914601903334 0.1491069622833856
233226.04485219167 233226.04485219167 233226.04485219167
0.05521210011092247 0.0003743792203079999 0.32384465851172184
0.05655335994802546 0.0033650277558566664 0.3913424566768602
456027.6121304798 456027.6121304798 456027.6121304798
202286.0856269113 202286.0856269113 202286.0856269113
0.06080470012683854 0.0021382412286666663 0.4737127930682985
0.059549830132815784 0.0012075908696500002 0.3122686544342512
0.0520749701355669 0.0013607421279999996 0.39545208970438495
0.09728436533322826 5.560528896666666e-06 0.08606989806320176
0.09032327800763129 1.2626224766666666e-06 0.16489122324159
0.05392044094605485 0.0010800703542666666 0.05716053007135535
0.05753070921194281 0.0018997199261666664 0.033780489296635796
267447.0480801898 267447.0480801898 267447.0480801898
283086.7184845396 283086.7184845396 283086.7184845396
0.07579214877585874 7.644225983333332e-06 0.3539075942915395
0.061067337395666194 0.0005200540534000001 0.22882499490316022
0.05628561724569636 0.0007096224627733332 0.10197706422018404
0.09864122329744551 2.3451555533333328e-07 0.01544238532110187
22282046485601.426 22282046485601.426 22282046485601.426
0.0646258757330648 0.0016993711167333327 0.0036396228338433367
0.12518191335852094 2.918268286666666e-07 0.1472718654434244
0.06184146674920055 0.00020479306490000002 0.34839570846075407
0.055757340511635015 0.002650626295333333 0.16415208970438266
0.05952913594857249 0.0009601341207833333 0.18605474006116118
0.06209171941844567 0.001284138098103 0.32196595310907217
317617.6393136255 317617.6393136255 317617.6393136255
0.10038166077793623 2.3517843013333327e-07 0.012517074413863405
0.08857279744593285 2.0889210200000004e-05 0.1472244546381245
243358.9831804278 243358.9831804278 243358.9831804278
322264.8997621476 322264.8997621476 322264.8997621476
0.4104061043000935 0.1487959449324062 0.14015958205912282
0.054116558158294706 0.0007719423016666665 0.11991622833842674
336608.9831804282 336608.9831804282 336608.9831804282
441486.04315324547 441486.04315324547 441486.04315324547
0.11057128523529294 9.875452399999999e-07 0.009322813455656664
0.11731219780123976 2.807034666666666e-07 0.3027750968399592
0.05239415129194557 0.0011408841930226662 0.1505162385321106
236218.39109751995 236218.39109751995 236218.39109751995
0.06211096492656809 9.719760966666666e-05 0.07880984709479977
0.05917297478242385 0.0012972952882896668 0.23979354740061254
0.0546918365585706 0.0008329018408766667 0.08831621814475099
0.057460736530710446 0.0017556784216 0.012877787971458776
0.0588095170788346 7.75190488e-05 0.33051283384301966
0.05672322978461866 0.00033570164887000004 0.3229943628950056
0.09606110501435988 3.3133652133333333e-07 0.043908369011212756
265485.03652735264 265485.03652735264 265485.03652735264
0.06492704283004957 0.0006193758462816668 0.20501488277268054
249855.7594291535 249855.7594291535 249855.7594291535
0.05966324071683119 0.0017490213110000002 0.0014572579001024266
0.058702439233691256 0.0017561890710666667 0.03565323139653476
0.06383150803790139 0.00034657708646666666 0.3476053109072397
0.06834138828741543 0.0001380720448633333 0.4135639551478085
207098.34777437962 207098.34777437962 207098.34777437962
0.07212332427946731 3.4740981999999993e-06 0.12328582059123372
0.06538442572579475 5.924467167999999e-05 0.01810049949031667
0.05224360545108463 0.0012827661323333336 0.1355274923547407
0.375981073054726 0.02170600994849 0.017717716615698098
0.08404310309447083 1.1173238326666667e-06 0.1747241692150867
0.05360656235517979 0.0004627581926333334 0.3336380224260944
0.09569040617787633 1.1445037706666663e-06 0.1707993883792045
304672.9655113829 304672.9655113829 304672.9655113829
0.06359931425325552 0.0005114825010058001 0.19931949031600515
0.05903603191798527 0.0002582866275866668 0.21062009174312024
0.05204417055886519 0.0009595977443733332 0.11831718654434331
234514.0248046208 234514.0248046208 234514.0248046208
0.06358697962287363 0.0003021446733333333 0.46855896024464805
0.06505813881637615 0.00010935786483333331 0.3026156269113156
0.056006799329140794 0.0013731986910999997 0.36679099898063194
0.10194134879890515 2.576591733333333e-06 0.020715474006117507
1582510077426350.5 1582510077426350.5 1582510077426350.5
0.07039274511683508 9.78502743333333e-06 0.29731424057084554
0.05210577929524088 0.0008374716667666666 0.4341569724770644
0.0794645774742794 0.000162142441014 0.44351419979612494
0.05765394606946972 0.00243089964391 0.1964871049949033
0.09712164419712271 6.903209279999999e-07 0.2121041386340452
330443.98148148146 330443.98148148146 330443.98148148146
0.06226879249202336 2.2582739933333333e-06 0.05948929663608382
0.0798079836145327 9.910169759566666e-06 0.2562869418960245
0.057019976124311304 0.001969126919 0.16747609582059075
0.06707979125497894 8.79372893333333e-05 0.38561402650356813
0.05770372174799664 0.0022189032260899995 0.3130468807339448
0.05384409496885837 0.0009116475316849999 0.20181436289500487
0.08074801616730853 0.0006227165242999998 0.23532886850152934
0.05452913259743364 0.00031912013883333333 0.14898480122324242
0.05990304712805146 8.625212748000001e-05 0.35616923547400736
0.1136683035354714 4.3922596503333326e-07 0.022957298674822546
364983.6221542642 364983.6221542642 364983.6221542642
0.0706717267581249 1.0153060066666667e-05 0.4158960448521922
0.07051836123610862 1.1477390266666665e-06 0.052402048929663714
0.06217934093936661 0.00023863479633333336 0.13824533129459482
321538.85066258936 321538.85066258936 321538.85066258936
256717.027692831 256717.027692831 256717.027692831
0.062192993256317844 1.675897176999999e-05 0.43058136595310836
0.054210061400833065 0.0008725480596666666 0.19636635066259034
0.06796537492255739 2.9495076366666664e-05 0.27944252803261893
0.052680012790159686 0.00039483725166666666 0.2284711111111113
0.05742320023938097 0.0010741243149199999 0.15241658511722633
359983.20591233426 359983.20591233426 359983.20591233426
0.05490371111736121 0.0006264380975999999 0.023354740061158896
0.05449349275227189 0.0011042312050399997 0.06407523955147809
0.05202449536268701 0.0008430971329999999 0.320196768603465
0.058447417336807916 0.0018298406280000002 0.013946687054026352
0.05893817655838477 0.0016224611170599999 0.3764261875637085
0.07714433389112024 2.190481133333333e-06 0.25032517838939894
0.0912306339881698 2.209301666666666e-06 0.008392874617737522
0.054211664180635645 0.0005726525596666667 0.36103302752293454
0.09080217129492074 3.0217298966666665e-07 0.05395304791029476
0.05412401553323083 0.0007436586855266665 0.3641351172273195
1.7976931348623157e+308 1.7976931348623157e+308 1.7976931348623157e+308
0.08176712399071136 7.535066066666665e-07 0.2699568909276242
0.07960031061307832 9.297377706666667e-07 0.08720735983690053
0.06827920411081637 0.00020048171611000001 0.38036806320081595
0.05112628798014336 0.0018886817609873267 0.23453392456676747
0.0848209805702842 2.1246663333333328e-07 0.37616104994903
0.0594956881611243 0.0006099945999999999 0.08395205912334225
0.05614500789059336 0.0008058909082366666 0.03177258919469894
0.08771962746028879 6.57050328e-07 0.04720081549439259
0.05268323765088027 0.0010855059799999998 0.226549571865442
0.05281851957439905 0.0006615755250333334 0.05201184505606449
0.09355250293883144 2.1379805366666664e-08 0.07508029561671847
0.09755114431875248 4.214081354e-05 0.2938554841997951
0.07293559952458542 4.443865673333333e-07 0.19826892966360976
0.05761836672135537 0.0027605496130000003 0.27724788990825644
0.08433077389695985 3.525908033999999e-06 0.035272711518858024
0.062220578960311815 0.0009807217576666668 0.03698081549439314
0.07770419701991567 2.9335754333333325e-07 0.23126853211009069
0.062341643477933986 6.663404316666668e-06 0.2736981039755366
0.060581740241546014 0.0006155180838033332 0.0017967176350666136
0.05752590478319637 0.0011086585987866665 0.07775910295616839
0.052987240968530025 0.000499276705 0.2886293170234442
0.09897077902382248 6.721792866666665e-07 0.07936837920489292
0.05044834327711174 0.0007661675883333332 0.47212718654434394
0.10479421063096944 1.0011510333333331e-05 0.032862466870540175
0.09010513746407611 4.3136483433333333e-07 0.3772649847094822
0.08517633667087349 2.479564546666666e-07 0.14470296636085633
0.06681803679611072 0.0003898461485 0.4616593679918457
0.07308032286771726 0.00028014186743333325 0.03419184505606543
0.09864122329744551 2.3451555533333328e-07 0.01544238532110187
0.05192956874801269 0.0007570921220000001 0.25409627930682843
0.05312359351220082 0.0005325425236666666 0.3337093374108071
0.06682975390662789 1.0190446980000005e-06 0.37136171253822603
0.0693078124544811 2.4814199073599998e-05 0.3537148929663605
0.05433218602196969 0.0007465710890633333 0.12884373088684953
0.06004297063692154 0.0017924559666666667 0.048401131498469585
0.05291024541392497 0.0004932529643333334 0.4526324260958221
0.06140581227461598 7.510656569999998e-05 0.09090243628950123
0.053472030950506115 0.0009475868396666665 0.2673066156982675
0.05102277780070896 0.0007476462332170001 0.10448685015290593
0.3664262455459065 0.07123289463160001 0.20443377166157095
0.07015562250864363 0.0006282013850000001 0.06924641182466962
0.08665443686882782 3.1075467373333336e-06 0.27931012232415764
0.11854557568691895 4.070287233333333e-06 0.2878380733944961
0.05485988705232824 0.0012094538677333332 0.00812746177370105
0.05792093416853172 0.0021788882492 0.0624193170234455
286636.9860686375 286636.9860686375 286636.9860686375
0.07548673084872858 4.797029605766666e-05 0.30326060142711553
0.3739574344377592 0.48335201490285656 0.15708423037716557
0.41776165811429156 0.192083973085185 0.022410703363914042
0.08193869455188563 1.4940370762000002e-06 0.2854944750254833
0.0538497192853465 0.0006045316197966667 0.39104350662589216
0.06335883829888585 0.0012847417292999996 0.18897316004077513
0.056188378838750414 0.0027516701823166677 0.29646240570846105
0.056018574454126537 0.00014483471893999997 0.41169366972476995
0.05915603797247281 0.0018618375369666659 0.19375973496432275
0.1708731501757061 3.4739253766666662e-06 0.44682133537207
263367.15511382924 263367.15511382924 263367.15511382924
260934.2762487268 260934.2762487268 260934.2762487268
0.08702607927135582 3.612226719999999e-06 0.45127829765545324
0.05501908512348378 0.0016292932166666661 0.20692032619775658
0.0704654614555373 1.3256864800000002e-06 0.2460335474006099
0.0830397609839422 2.1255056666666662e-07 0.3759299898063211
0.07458597049555174 0.0008641387658866665 0.012445881753312182
0.06460115318925153 2.3333820000000008e-05 0.22698776758409656
210055.62351342122 210055.62351342122 210055.62351342122
0.0613746128289702 0.0014870465783599998 0.0644304689092765
0.07501075459832654 0.0006518538432 0.011542038735983695
0.07124442963931346 1.447806175666667e-05 0.3492484505606517
0.12470669942949167 1.2043104699999999e-07 0.1927352089704386
0.05951695479652619 0.002495741641816667 0.24473481141692144
0.07856143273158936 3.541499782e-05 0.1323586034658515
0.059461513867794885 0.0002588217001666666 0.33116846075433237
294417.4439347605 294417.4439347605 294417.4439347605
0.052384755685157394 0.0011961414211599998 0.12139464831804325
0.0869361057134456 4.6028504e-07 0.37465168195718546
0.064550126349455 0.0004318786386666665 0.16767041794087767
0.08120154340575014 5.580456856899997e-05 0.013815596330273738
0.07452834295930595 1.4525230327333338e-05 0.020607033639142625
0.05826266894558633 0.004195058882310433 0.38003751274210096
0.08543775710791042 4.260229046666668e-07 0.35064588175331357
0.05683681133577089 0.001732932123333333 0.3804577268093787
0.059836492401189524 0.0019276528723666667 0.10833233435270095
0.0715586719270084 4.872076559999999e-06 0.2946544342507669
258140.3542303775 258140.3542303775 258140.3542303775
0.06260729431362318 0.0012048896920533333 0.11019924566768635
273983.6136595306 273983.6136595306 273983.6136595306
0.11731219780123976 2.807034666666666e-07 0.3027750968399592
0.0536958976617143 0.0011770891508406532 0.14262370030580973
0.06053580185296085 9.78770584e-05 0.30437504587155884
0.07625852965887403 2.9701494649999982e-05 0.3428988379204885
0.06228571434102607 3.874611402333335e-05 0.4158837920489318
0.06284421649828631 8.328973029999998e-05 0.23294828746177298
0.05442004155185132 0.0007028989075399999 0.07223892966360923
0.07360559679386654 5.4124953039999985e-05 0.07949211009174562
0.09622949436682632 2.5184711110000005e-07 0.07349427115188645
0.05501122941409908 0.0001694422556666666 0.1625752701325167
0.1081721641187758 2.0348408433333336e-07 0.0680918654434235
282586.0728848115 282586.0728848115 282586.0728848115
0.05758840233168072 0.0014717729504 0.10917671763506576
0.06931881359163752 2.261067579999999e-06 0.2685898267074416
0.05674918729645462 0.000998817794133333 0.017529928644239856
0.052254482615106346 0.0006343879243333332 0.14446401630988737
0.10048414254376742 2.4686369233333338e-05 0.23502433231396713
271708.9492014947 271708.9492014947 271708.9492014947
0.11731219780123976 2.807034666666666e-07 0.3027750968399592
0.05757178600942662 0.0006551399943733331 0.2494953312945971
0.05719367907036335 0.0005835537601999997 0.25124318042813476
0.4087099270049487 0.6938208884334733 0.10037128440366905
0.0533657267920566 0.001317895129266667 0.07552826707441396
0.0653769946774744 4.7390995999999984e-07 0.26026503567788106
0.07299440375886075 2.2260486666666667e-06 0.10885670744138798
0.05896034288646641 2.5070601266666663e-06 0.41936144750255044
0.07047918985331339 4.958815133666667e-05 0.16680535168195743
0.06265511378740914 0.00043823402816666666 0.2977959531090715
226808.39704383348 226808.39704383348 226808.39704383348
0.06083896407053138 0.002330487271333334 0.010206432212029437
210606.80003397824 210606.80003397824 210606.80003397824
0.0672325733998735 1.2682710856666667e-05 0.03783569826707511
201826.5715256542 201826.5715256542 201826.5715256542
0.3629546146358833 0.13306333649766663 0.3212293883792037
0.05423108292969884 0.0007839629761733333 0.4019989296636086
0.09445476720049564 5.391681799999999e-07 0.09003831804281281
0.0673430320094008 0.00023593067233333332 0.07333214067278249
0.0517761980387071 0.0019057785369999995 0.2700197859327229
0.0619309010949625 1.847950638333333e-05 0.27616369011213004
0.09701351913985966 2.0707903333333326e-06 0.037658032619774406
268330615328.74615 268330615328.74615 268330615328.74615
0.053637138129186024 0.0010473391461333333 0.11696180428134717
0.0632721703186447 0.00060182764809 0.3732944240570859
216289.86153584838 216289.86153584838 216289.86153584838
0.05414282645220059 0.0016824717989299997 0.34061664627930677
205473.66207951034 205473.66207951034 205473.66207951034
0.40586982894363566 0.3333493447529863 0.04148931702344605
272047.1797485563 272047.1797485563 272047.1797485563
0.056480183229454764 0.0022057106466666656 0.3898904689092757
0.10814133140988609 1.5494504139999996e-06 0.2859841997961259
0.052553252766281124 0.001314788618694333 0.4428947094801212
0.05567104553734096 0.00025264846066666655 0.20877995922528125
0.054824390377581834 0.0012262038125999998 0.11002183486238604
0.09982887104556262 3.329115713333333e-06 0.04068330275229304
0.07827748407459863 4.111028433333332e-06 0.06496849133537097
0.09817144363918312 8.348338293333333e-07 0.007768073394495811
0.05775858338521758 0.00023999060429999992 0.3467181345565753
205128.70795107074 205128.70795107074 205128.70795107074
291039.5599728159 291039.5599728159 291039.5599728159
0.0525290266391765 0.0005548495097666665 0.330524179408767
0.06118756698550487 0.0012720616042 0.41441965341488274
213184.7349643222 213184.7349643222 213184.7349643222
0.08539671753625044 2.879811583333333e-06 0.4337375535168184
221829.67635066254 221829.67635066254 221829.67635066254
240391.94699286504 240391.94699286504 240391.94699286504
0.05782957335447454 0.0016051396309999999 0.09070957186544248
0.39317722078035566 0.1751484874461343 0.0745542303771658
0.0522333595880361 0.0009143242732200001 0.3035402038735979
0.05981756554260849 0.0018165444112666668 0.009306391437309713
0.07788233559503062 4.077909093333333e-06 0.15950386340468903
0.07587610221781604 1.9090494546666668e-05 0.37865944954128494
0.0743949786363273 3.999945769999999e-06 0.38897991845055957
209006.14169215114 209006.14169215114 209006.14169215114
0.06343504772064697 2.351421720666667e-05 0.05381955147808348
0.06257205697417056 0.00044724331333333335 0.08333717635066229
0.11771839107375838 3.5097940000000003e-07 0.3136783180428133
0.08409227406624471 2.1382030510000003e-06 0.040667787971458313
0.06436873285711531 0.0009182546049999995 0.3220995718654427
203639.10975195377 203639.10975195377 203639.10975195377
299881.3243289162 299881.3243289162 299881.3243289162
0.06926743886700593 6.732229263333333e-05 0.025201284403669533
0.1322544424565112 3.0222875633333347e-07 0.47373663608562655
0.06018861835641224 0.00010349489934600001 0.27243506625892033
223280.1860346585 223280.1860346585 223280.1860346585
237518.95599728145 237518.95599728145 237518.95599728145
0.061539813347900485 0.0003321944494510001 0.26571094801223216
0.07388753245180901 8.567793919999997e-07 0.09308155963302944
0.06971618609449248 1.5900200299999995e-05 0.0735938532110092
0.05273842113404599 0.0009595562096666666 0.18033435270132525
0.053631983395545715 0.0001729139598133333 0.37514339449541456
0.08429669320477536 1.1929469563333332e-06 0.2619596941896023
0.0557353636860508 0.00021264210846999996 0.36256406727828816
0.05763696639310767 0.0008837439438900001 0.06681529051987622
0.05311058519649307 0.0008492825426 0.4246519877675845
0.07019293383012681 0.0005634904941499998 0.4395420489296642
0.06272936578422719 5.439082523333334e-06 0.046238837920490994
0.0651443927459568 0.0001652477595866666 0.22239115188583014
0.0693458107760784 6.819189130999998e-05 0.030775361875636786
0.0558935418750592 0.00018387767856666663 0.20481059123343703
224726.72867821952 224726.72867821952 224726.72867821952
0.11813030714130326 6.053913976666667e-07 0.2383904485219146
4175971392868.6714 4175971392868.6714 4175971392868.6714
0.05790232629616424 0.0009411221819333332 0.1008483078491329
0.08074857719014672 0.0007019983250319999 0.258966646279307
0.0588206514168803 0.0005078485940133332 0.22227462793068176
0.07694288790116346 8.517976686666665e-07 0.37508849133537003
0.10173389581502308 3.6796461599999996e-06 0.20510468909276236
0.38364818934487877 0.4160060624681334 0.2982094291539248
231405.19452939267 231405.19452939267 231405.19452939267
0.05226660246669175 0.0009651548175333331 0.44430930682976566
0.07798492266450392 2.9272335166666673e-07 0.22832816513761678
211579.19215086653 211579.19215086653 211579.19215086653
0.06684264973952876 0.0003899403249633335 0.1533523955147813
0.0556777074101253 4.1665146e-05 0.13214582059123448
0.07675375655319001 4.5545237e-07 0.33293309887869604
0.0677933823283289 0.0004956320220048333 0.47861199796126463
0.05295678076820172 0.000974190637666667 0.28901361875637255
0.081886519084587 2.5755521116666666e-06 0.15396794087665677
261736.81617397192 261736.81617397192 261736.81617397192
300897.5747536526 300897.5747536526 300897.5747536526
277762.18994223536 277762.18994223536 277762.18994223536
0.05673440991526005 0.0009043817919999994 0.012312833843016513
270800.28457356466 270800.28457356466 270800.28457356466
0.06842135508670677 0.0002991273406 0.02017846075433294
0.08086732596094336 4.3845733833333335e-07 0.027455759429153126
0.06806701653290817 0.00015797657556666664 0.3050166055045871
0.05372132727149273 0.0009545899846566668 0.1880490112130495
0.09361156784913563 3.0349458466666663e-07 0.04218306829765606
215180.51732925582 215180.51732925582 215180.51732925582
0.1012662200257643 5.804453336666666e-07 0.22273170234454653
348263.6977573901 348263.6977573901 348263.6977573901
0.1136683035354714 4.3922596503333326e-07 0.022957298674822546
0.31030448579989556 0.00046558108266666666 0.32038869520897073
0.05453649510743837 0.00019287245566666664 0.3450368705402642
0.09334862931905859 3.4514386866666653e-07 0.08207278287461683
377223.81923207606 377223.81923207606 377223.81923207606
0.06314625646385637 0.0005314037527433332 0.11868903160040789
0.05976983580127652 0.0016396504382266662 0.08642059123343415
0.05954642252366382 0.0013775227121033326 0.0029281141692156787
0.05694998211760005 0.0008323821593993334 0.09531918450560628
0.07251914311911678 0.0010750388546000003 0.31436664627930844
0.05579018946556824 0.00012132510366666668 0.03215002038735948
0.06174992916600082 7.538998666666668e-05 0.286771610601428
0.05583220844912155 0.0005867394663333335 0.0023665953109071047
0.08070592083019623 3.086888833333333e-07 0.1592409378185522
0.057640203521409895 0.003106413790033333 0.254631508664628
0.09871102142846043 3.4912834666666665e-06 0.060042466870540157
412812.88226299686 412812.88226299686 412812.88226299686
214499.41811077122 214499.41811077122 214499.41811077122
0.05754621056876844 0.0013126333913333335 0.14012621814475024
0.0537650701724693 0.0002071663241 0.024284169215085694
0.06670877543893342 0.0002781080227079999 0.36563487257900107
0.06340226793280326 6.8416093866666656e-06 0.07370880733944896
267532.20778117504 267532.20778117504 267532.20778117504
0.05786778494828371 0.0007004231803999999 0.1205947502548419
0.05159502313466975 0.0008760257016666664 0.3128493577981648
242725.56065239548 242725.56065239548 242725.56065239548
0.06386009465309257 9.343335366666666e-05 0.4206439449541288
411266.0762827044 411266.0762827044 411266.0762827044
0.05743913373767569 0.0009303823420000003 0.12608308868501572
0.07304991683157194 0.000321139586732 0.11693721712538174
0.06461263208464321 1.2109664546666666e-06 0.43986879714576954
0.09818362091205493 1.7118124753333334e-07 0.022918960244647124
0.08410433792288322 4.498008433333333e-06 0.19440712538226368
0.05888253976032213 0.00041002358088000005 0.32487380224260987
0.056196499918871136 0.0003015644668666667 0.04710912334352679
302356.1799184504 302356.1799184504 302356.1799184504
0.0647206074012074 6.413369100000001e-05 0.28505621814474935
262629.3110771325 262629.3110771325 262629.3110771325
0.06272428681726128 0.00033870355716333314 0.3097922935779813
253740.27353041174 253740.27353041174 253740.27353041174
0.052477108261577365 0.0011274471260000003 0.35496367991845057
0.07799704500103222 0.00010264549796666664 0.07596680937818556
0.06292224646173046 0.0009703628479333335 0.07091584097859283
0.40385143191500256 0.8883928654912192 0.0801578287461755
0.051457312741866414 0.0014743287595333332 0.41485627930682956
240472.00560652438 240472.00560652438 240472.00560652438
0.052474493433886174 0.0005998732376666668 0.08791134556574853
0.07393322920932358 0.0002752320473703333 0.28990929663608567
0.05405876150492731 0.0004492300708299999 0.04083539245667733
0.06221939580469671 0.002273398353366667 0.015302222222221662
0.09549207604207335 4.5072658999999997e-08 0.06212231396534218
0.06668044939436446 0.00017726450089466668 0.28290166156982766
0.08307032137251623 0.0006424161630033333 0.30300904179408805
0.061203627206363034 0.0008788008231066669 0.18214675840978645
242487.814305131 242487.814305131 242487.814305131
0.08567513103219382 6.737567476666669e-07 0.07432500509683937
0.06116518629072835 0.001972017536333333 0.06413529051987821
0.05527058701169947 0.00013608826600000005 0.0026791743119267686
0.060057165894706735 0.0011963548785150003 0.17742247706422098
0.06174963477634288 0.0008062815331000003 0.31295394495412854
252517.00645599674 252517.00645599674 252517.00645599674
0.0621733592548929 5.229056880666666e-05 0.05081333333333227
324740.09938837914 324740.09938837914 324740.09938837914
0.05412790660688426 0.00016911016233333337 0.3166135066258913
0.05301962338217188 0.0013127979033333331 0.40584237512742183
219623.05895344936 219623.05895344936 219623.05895344936
0.05742032484470268 0.0014484803061000004 0.009278552497451908
0.09217928641165554 2.3489954724333335e-05 0.2786417227319058
0.07852590372200152 0.00011744546237333333 0.3157031396534147
0.08622595262219646 3.2190483533333333e-06 0.3790021202854241
0.055933381611738 0.0007766541486666665 0.01379193679918389
0.07976408749615618 0.00032415393792587665 0.07929169215086551
212325.00849473322 212325.00849473322 212325.00849473322
0.39058427979254384 0.018202699858330666 0.4493301427115193
0.06816384459522247 1.8338837140000006e-06 0.0948902956167168
0.052804665847936416 0.001878066460629333 0.26524873598369103
270143.4633027522 270143.4633027522 270143.4633027522
0.0906564090616303 5.145256786666666e-07 0.06206716615698271
0.06346922249797356 1.3943219203333333e-05 0.04582223241590233
0.05633574604478482 0.001638336329433334 0.12413634046891087
245220.31090723773 245220.31090723773 245220.31090723773
0.08109300868868448 2.490469746666666e-07 0.3278240265035679
252878.81413523637 252878.81413523637 252878.81413523637
0.051619394858299174 0.0007699535503333334 0.2103630377166157
212982.94257560358 212982.94257560358 212982.94257560358
0.05595615917355448 0.001359602529566666 0.37363956167176227
0.0851330768485032 1.618837851333334e-06 0.09267560652395446
0.07504725117424019 0.0002769971908666667 0.2439948318042804
0.07351126429747903 1.5046666833333338e-05 0.1670996126401647
0.059040030990024674 0.0013443150057833328 0.10101293577981707
0.09833755185414142 1.1715422823333333e-06 0.006657533129459381
0.09841092255732245 6.025540316666666e-06 0.06092539245667705
0.06151300425867349 0.00116583856706 0.1581077879714572
0.06863279888256368 6.651241900000001e-06 0.02091874617737055
0.05654434218789546 0.0009709613069333329 0.17389571865443365
0.10226466122866736 2.2364891109999996e-07 0.049919123343526994
0.05472097185033745 0.00045781327100000006 0.17181548419979542
0.36798986518930227 0.15863569061330332 0.18846850152905148
208132.1398233089 208132.1398233089 208132.1398233089
0.05769142956909948 0.0018089598351793343 2.3496432210112772e-05
0.06036391132430918 0.0009813754197333332 0.07866386340468878
0.05729086617096742 0.0007311576816666669 0.0657981753312944
0.08300016847202643 2.1188463333333337e-07 0.39525492354739944
0.08436462477807923 7.587425237666665e-07 0.027635739041793173
0.398138535019646 0.5656279608103164 0.3616001834862397
0.05313200467819305 0.0008608057703333335 0.021777003058103706
0.0641252625319055 0.0003279390292566666 0.023581498470947704
0.39436003263325414 0.4371808198916246 0.46924193679918424
0.053376050414425016 0.0005577657169999998 0.07633731906218211
0.36921367569201463 0.1853871872312367 0.29283518858307866
0.053854872943985645 0.0011703406866666662 0.022423251783894482
0.08602244424871419 3.63542406e-07 0.1379679204892965
0.062258351057931795 0.0012705094711999996 0.29110388379204855
0.05181983619888064 0.0014419687554999997 0.2834607339449544
0.05441387163477828 0.0013041164458100002 0.08362972477064146
0.06347899283036514 2.35177185e-05 0.12434830784913409
0.05421011415573185 5.118386666666668e-05 0.13884804281345486
0.05900887819374956 0.002239771866666666 0.06265167176350683
0.08521208551481657 1.5387557409999994e-06 0.04813332313965368
0.07035733940366473 0.00019544190927699997 0.1190227726809372
0.05187711417094172 0.0004747835499999999 0.47985697247706494
0.06264910719594985 0.00042160906528533333 0.2883218348623857
0.10488699420476716 3.0833993333333324e-07 0.05463252803261698
0.05491260476627483 0.0013838236863333328 0.3624825076452596
0.07037495720457024 4.5283253399999995e-06 0.20929938837920314
0.05958582162814277 0.0016884976733433335 0.17730154943934773
0.08488364926962932 3.5150496166666664e-06 0.046029113149844925
0.0690535280641847 5.767998573333332e-06 0.0955790519877664
0.05578735346961139 0.0002085943526666666 0.23109723751274203
0.05183669133225958 0.0018418770291333331 0.26492228338430257
206984.89636425464 206984.89636425464 206984.89636425464
0.05699023493622357 0.0007402844158866668 0.47301279306829613
0.06488510670513783 2.322951376666667e-06 0.11599298674821412
0.05332785078338908 0.0015876386725333334 0.36089963302752404
0.07314300514747873 1.1536197730333332e-05 0.08284849133537264
0.06931881359163752 2.261067579999999e-06 0.2685898267074416
0.05156177825582027 0.0007558431006666667 0.4792990621814477
0.059279120934263456 7.357889385999998e-05 0.016110784913353715
0.08477061107208338 2.4976272299999996e-07 0.3025718756371054
0.11053599960720646 2.670523636666666e-07 0.2604677777777793
0.05451639817297741 0.0021833329599999997 0.23484534148827763
0.0827108899311211 2.1198469999999997e-07 0.38287711518858325
0.07088378239094113 9.473029533400001e-05 0.35847043832823644
0.08789705170248246 1.5957376459999998e-06 0.11391781855249805
0.06662155498118408 0.0006581686409999997 0.15598059123343688
0.09087380073234615 1.6421099666666662e-06 0.0031456269113139257
0.056847023473254724 0.0008538864642899998 0.27281132517838946
0.060956947831531307 0.0005240273107066665 0.285868348623854
269900.2888209303 269900.2888209303 269900.2888209303
244187.62742099888 244187.62742099888 244187.62742099888
0.08573967378022096 8.014212266666666e-06 0.05644390417940848
0.05438862990926577 0.0003412145459 0.45576350662589205
0.05571394256481587 0.0032835401875333328 0.4718670642201839
0.07252346725432979 1.2956292166666662e-06 0.23445864424057117
0.055007177330190074 0.0009305518616333335 0.4752729357798158
0.05896034288646641 2.5070601266666663e-06 0.41936144750255044
256702.94342507716 256702.94342507716 256702.94342507716
0.05100923298409284 0.0007428575626666668 0.47157596330275187
0.06822533338251942 2.0471069290933327e-05 0.3506679306829761
0.10490770001156911 3.081955333333335e-07 0.04645302752293645
284021.3090383963 284021.3090383963 284021.3090383963
0.07676196314638853 3.747226363333334e-07 0.4481665545361868
0.06733482685657699 3.789996291666665e-05 0.019115565749234342
0.05217115229161339 0.0013096734005833333 0.432650642201835
0.05681363432154969 0.0012314978426666663 0.011416717635064355
216300.31430513097 216300.31430513097 216300.31430513097
217971.09667006452 217971.09667006452 217971.09667006452
0.07136688758352945 2.1029000499999994e-06 0.1630687359836891
0.05577570933096476 0.0019915715130666665 0.09108782874617605
0.12704259401924492 1.2409326246999999e-05 0.22013164118246697
0.07384854574898125 1.1118868573333335e-06 0.29400753312945893
217365.91488277313 217365.91488277313 217365.91488277313
0.05125461644216888 0.0011608600814686668 0.22960998980631997
0.0590688274489696 0.001214528896023333 0.01907435270132618
0.056628503994053316 0.0005905491752666666 0.036368144750254405
0.06321663055674645 4.669245633333332e-05 0.30440007135575886
0.06208344678395953 0.0028893766794133337 0.24934782874617634
240086.0941216447 240086.0941216447 240086.0941216447
