8
12
11
9
2
14
3
4
13
18
5
19
10
6
16
0
15
7
1
17
8
11
12
9
14
3
2
5
13
18
4
10
6
19
16
15
1
0
17
7
12
8
3
11
9
14
5
2
18
13
4
10
6
19
16
15
1
0
17
12
7
3
8
11
14
9
5
2
13
18
6
4
10
19
15
1
16
17
0
12
8
3
7
11
9
5
14
2
18
4
6
13
10
19
15
16
1
17
0
12
3
8
9
11
7
14
5
2
4
6
18
13
15
10
19
16
1
17
0
3
12
8
9
11
7
5
2
14
6
4
18
13
10
19
15
14
16
1
17
0
3
12
9
8
5
11
2
7
6
18
4
10
13
14
15
19
1
16
17
0
3
12
8
9
5
11
2
7
6
10
18
13
4
1
19
14
15
16
17
0
3
12
8
9
5
11
7
2
10
4
6
18
13
1
19
14
15
16
0
17
12
8
3
9
5
7
11
2
4
13
18
10
6
14
15
1
19
16
0
17
12
8
3
9
17
11
7
2
4
5
6
10
13
14
18
15
1
16
19
12
0
3
8
17
9
11
7
2
5
6
4
14
15
10
13
18
0
19
1
12
16
3
8
17
9
19
11
7
5
2
6
15
13
14
18
10
0
4
12
16
1
3
8
17
9
19
11
6
7
5
15
2
14
13
10
18
4
16
12
0
1
3
17
8
9
19
11
7
6
5
2
15
14
10
13
18
0
12
16
4
3
1
8
17
9
19
11
7
6
2
15
5
10
14
13
18
16
0
12
4
3
1
8
17
9
19
11
2
7
6
15
5
14
10
18
13
0
16
4
3
12
1
8
17
9
11
19
7
15
2
5
6
14
10
18
4
13
16
0
12
3
1
8
17
9
11
19
7
15
5
10
14
6
2
4
13
0
18
12
3
16
1
8
17
9
11
19
7
10
5
14
15
6
2
0
4
13
12
3
16
18
1
8
9
17
11
7
19
10
15
14
5
6
4
0
2
16
13
12
18
3
1
8
17
9
11
7
19
15
14
5
10
0
4
6
12
2
16
13
3
18
8
17
1
9
11
7
15
19
14
10
0
5
6
4
12
16
3
13
2
18
8
17
1
11
9
15
7
19
14
5
6
0
4
3
12
10
2
8
13
16
18
17
4
11
9
1
15
14
7
19
5
0
6
12
3
10
2
8
16
13
18
17
4
11
9
1
15
14
7
19
12
6
5
3
10
0
2
8
13
16
18
4
17
9
11
14
15
1
19
7
12
3
5
10
0
6
2
8
13
16
4
17
18
9
11
1
14
15
19
12
0
5
3
10
7
6
8
2
17
13
16
4
9
18
11
1
14
15
19
5
3
12
0
10
6
7
8
2
17
9
16
13
4
18
1
11
14
15
19
0
3
12
5
10
6
8
7
9
2
17
4
13
16
1
11
18
14
15
0
3
19
5
10
12
8
6
9
2
7
17
4
13
16
18
11
1
3
14
19
15
0
10
5
8
12
6
2
7
9
4
16
13
17
11
18
1
15
19
3
14
0
5
10
12
8
7
9
6
2
4
13
16
17
1
18
11
15
3
14
0
10
5
12
19
8
6
7
9
2
4
13
16
17
18
1
11
3
14
15
10
12
19
8
0
5
9
7
2
6
13
16
4
17
18
1
11
15
3
14
12
19
5
10
0
2
7
9
6
8
17
4
13
16
1
18
11
3
15
14
12
19
10
5
2
0
7
9
6
8
13
17
16
4
1
3
11
18
15
14
12
19
10
7
0
2
5
9
6
17
16
13
4
8
11
3
15
1
18
14
12
7
5
2
9
0
10
19
6
17
13
16
8
4
15
11
3
1
14
18
12
2
9
10
19
0
5
7
6
13
17
16
4
8
11
15
3
1
18
14
12
19
0
9
10
2
5
7
6
13
17
8
16
4
11
15
18
3
1
14
12
19
0
9
10
5
7
2
13
17
16
8
6
11
15
1
3
18
4
12
14
19
0
10
9
5
7
2
8
13
17
6
16
3
1
18
11
4
19
0
10
5
7
8
13
2
6
16
11
1
18
4
0
19
10
8
5
7
13
16
6
4
1
18
0
10
8
5
7
13
4
16
1
18
10
8
7
13
16
1
4
18
7
7
7
7
0
1
2
5
3
4
6
7
8
9
10
11
12
13
14
15
16
17
18
19
7
9
15
14
10
1
0
3
18
12
13
5
6
16
17
19
2
11
4
8
14
9
3
12
15
7
18
1
5
6
10
0
19
13
17
16
11
2
4
8
14
3
12
15
