18
8
0
2
4
17
13
16
12
3
14
1
19
11
15
9
6
10
5
7
18
0
4
8
2
13
17
12
16
3
15
1
14
19
11
10
9
6
5
7
18
4
8
2
17
0
13
3
16
12
15
14
19
11
1
9
7
18
6
5
10
4
8
0
2
13
3
16
17
12
15
14
11
19
9
1
7
6
18
5
10
4
2
0
8
13
16
3
17
12
15
14
11
19
9
18
7
5
6
1
10
4
0
8
2
13
3
16
17
12
15
14
19
11
9
18
6
5
7
10
1
4
0
2
8
16
13
17
3
12
15
14
11
19
9
5
10
18
6
7
1
0
2
4
8
17
16
13
12
3
15
14
11
19
9
5
18
6
10
2
0
1
4
8
7
12
17
16
13
3
15
14
11
9
19
5
18
10
6
0
4
8
2
1
12
17
7
3
13
16
14
15
11
9
5
19
10
6
18
0
8
4
2
12
17
1
13
3
7
16
14
15
11
9
19
5
10
0
18
6
8
4
12
2
1
17
13
3
7
16
14
15
11
9
19
5
10
18
0
6
8
4
12
17
2
13
1
3
7
14
16
15
11
9
19
5
10
0
18
6
8
12
4
17
13
3
1
16
2
7
14
15
11
9
19
10
5
18
0
6
8
12
4
1
13
3
2
17
16
14
15
7
11
19
9
10
18
0
5
6
8
12
4
13
3
2
1
16
17
14
11
7
15
19
9
18
0
5
10
6
8
12
4
13
3
1
2
16
17
14
11
7
15
19
9
5
0
10
18
6
12
4
8
3
13
1
2
16
17
14
11
7
15
19
9
5
10
0
18
6
8
4
12
1
3
2
13
16
7
17
11
14
15
19
9
5
0
10
18
6
8
12
4
1
2
3
13
16
7
17
14
15
11
19
9
5
10
0
18
6
8
12
4
1
2
3
16
13
17
15
7
14
11
9
19
0
10
5
6
18
8
1
12
2
4
3
7
13
16
17
14
9
11
15
19
0
5
10
6
18
8
12
1
3
2
4
14
16
17
13
7
9
11
15
19
0
5
10
8
18
12
6
1
2
4
3
17
16
14
13
9
7
11
15
19
5
0
10
18
8
6
3
2
1
4
12
14
17
16
13
9
11
15
19
7
5
0
10
18
8
3
6
2
1
4
12
16
14
17
13
9
15
11
19
5
7
18
0
10
8
3
6
2
1
12
16
4
14
17
9
13
15
11
19
5
7
18
0
8
3
6
2
1
12
16
14
4
13
15
9
11
5
19
7
0
3
8
18
6
2
12
1
16
4
14
13
15
9
11
5
19
7
8
3
0
18
2
6
12
16
4
14
1
13
15
9
11
19
5
7
8
0
18
2
12
6
16
14
4
13
15
5
11
19
0
7
8
2
16
12
6
14
4
13
15
5
19
0
7
8
2
12
6
16
14
13
4
15
5
0
7
8
12
6
14
4
5
7
0
8
6
12
14
4
0
7
8
12
14
4
0
7
8
14
0
7
0
2
1
3
4
5
6
7
8
9
10
11
12
13
14
15
16
17
18
19
18
13
6
15
14
9
0
7
19
2
11
16
17
12
5
4
3
8
10
1
14
18
13
15
11
6
19
2
17
7
9
0
16
5
12
4
3
8
1
10
14
15
13
7
18
6
11
0
19
2
17
9
16
5
12
4
3
8
1
10
14
15
18
19
0
13
11
2
17
7
9
6
16
5
12
4
3
8
1
14
10
18
0
15
19
13
11
2
9
17
6
16
7
5
12
4
3
8
1
10
18
0
14
15
19
13
9
11
6
2
17
16
5
12
7
4
3
8
1
10
18
14
0
15
19
9
13
6
11
17
16
2
5
12
7
4
3
8
10
18
1
15
0
14
19
9
13
11
6
17
16
2
5
7
12
4
3
8
10
1
18
15
14
0
19
9
11
13
17
6
16
5
2
7
12
4
8
3
10
15
1
0
18
14
19
9
11
13
6
17
16
5
2
12
7
4
3
8
10
15
1
0
18
14
19
13
9
11
6
17
16
5
2
12
7
4
3
1
8
10
0
14
15
19
6
9
11
13
17
18
2
5
12
16
7
3
4
0
15
14
1
8
10
19
9
18
11
13
6
17
12
16
2
5
7
4
3
10
19
15
1
14
8
0
18
11
6
9
17
13
12
2
5
16
7
4
3
10
15
19
14
1
8
0
11
6
18
9
17
13
12
2
5
16
7
4
3
15
10
14
19
1
0
11
6
8
18
9
13
17
12
2
5
16
7
4
3
15
10
19
14
1
0
6
