14
1
3
19
11
10
16
2
13
0
17
6
12
18
7
15
8
4
5
9
1
14
19
3
11
10
16
2
13
0
6
17
12
18
7
15
4
5
8
9
19
14
10
11
1
16
3
2
13
0
6
17
12
7
18
15
4
5
9
8
19
1
10
14
11
3
16
2
13
6
0
17
12
18
7
5
15
4
8
10
9
14
19
11
3
1
2
16
6
0
13
17
12
7
18
5
15
4
8
19
14
9
1
3
6
2
10
11
16
0
13
12
17
7
18
5
15
19
8
4
14
9
1
2
3
6
16
10
11
0
13
12
18
17
7
5
15
19
4
8
14
9
2
6
10
11
3
16
1
13
0
12
17
18
7
5
15
19
8
4
9
14
10
2
6
11
3
16
1
13
0
12
17
18
5
7
15
8
14
4
9
19
10
2
6
11
3
13
16
1
0
12
17
18
5
15
7
9
8
19
14
4
10
2
6
11
3
13
16
1
12
17
18
0
5
15
7
8
9
19
4
14
10
2
6
11
3
13
16
12
1
18
0
17
15
7
5
8
19
4
14
9
10
3
11
6
2
13
16
1
12
0
18
17
15
5
7
8
19
9
10
4
14
11
6
2
3
13
16
1
12
17
18
0
15
7
5
8
19
10
14
9
11
6
4
2
13
3
16
1
12
17
18
5
0
15
7
8
10
19
14
9
6
2
11
4
13
3
16
1
12
18
17
0
5
7
15
10
8
9
14
19
2
11
3
4
6
13
16
12
1
17
0
18
7
5
10
15
8
19
14
9
4
3
2
11
13
6
12
16
1
17
18
7
5
10
0
15
8
14
19
9
3
11
2
4
13
6
12
1
16
18
17
10
7
0
5
15
8
9
19
14
11
3
2
13
6
4
12
16
1
18
17
7
10
0
5
15
19
9
14
8
11
3
2
6
13
12
4
16
1
18
17
10
0
7
5
9
14
19
8
15
11
3
6
13
2
4
12
16
1
18
5
17
10
7
0
9
8
15
14
19
11
3
6
13
4
2
12
16
1
18
17
10
5
0
7
9
19
14
15
8
11
13
6
4
3
2
12
16
1
17
18
5
10
0
7
9
14
19
8
15
11
6
13
2
4
3
12
16
1
18
0
17
5
10
7
9
19
14
15
8
11
13
6
2
4
3
12
16
1
0
18
10
17
5
7
19
14
9
15
11
8
6
13
2
12
4
3
16
1
18
0
10
17
7
5
14
19
9
15
8
11
6
13
2
12
4
3
16
1
18
0
10
17
19
7
5
9
14
15
8
11
2
6
12
13
3
16
4
1
0
17
10
18
19
7
5
9
14
15
8
2
6
11
13
3
4
12
16
1
10
0
17
19
18
7
5
9
14
8
15
11
2
6
13
12
4
3
16
1
10
19
0
17
18
5
9
14
15
7
8
2
11
6
13
12
16
4
3
1
10
19
17
0
5
18
14
9
15
2
8
11
7
6
12
3
16
13
4
1
19
10
17
5
0
9
18
14
15
8
2
11
6
7
12
3
16
13
4
1
19
10
5
9
17
0
18
14
15
8
11
2
6
7
12
3
16
13
4
10
19
1
5
9
0
17
18
15
14
8
2
6
11
12
7
3
16
13
4
19
10
1
5
0
17
9
18
14
15
2
8
11
6
7
12
3
4
16
13
10
1
19
0
5
9
17
18
2
15
14
8
6
11
12
7
3
4
16
13
10
5
1
19
17
18
9
0
2
14
15
8
6
11
7
3
12
13
4
16
1
10
19
5
9
17
18
0
15
2
14
8
6
11
12
7
3
4
13
10
16
1
5
18
17
0
9
19
2
8
14
15
11
12
6
7
3
4
10
13
1
16
0
19
9
5
17
8
2
18
14
15
6
11
12
3
7
4
10
13
19
1
0
16
17
9
5
8
2
18
14
15
11
12
6
7
3
4
10
13
1
9
0
17
19
16
5
18
2
14
15
8
11
12
6
3
4
7
10
13
9
17
1
16
0
19
5
18
2
14
8
15
12
11
6
3
7
4
10
9
13
1
17
5
0
16
19
18
2
14
8
15
12
11
6
3
10
4
7
9
13
1
17
5
19
0
16
2
14
18
15
8
12
11
6
3
4
10
7
13
9
17
1
5
0
19
16
2
14
18
15
8
12
11
3
6
10
4
7
13
1
0
17
9
5
19
16
14
2
15
8
18
12
11
3
6
10
4
7
13
0
1
17
9
5
2
19
14
16
15
18
8
12
11
3
6
10
4
0
1
7
13
17
5
9
19
2
14
16
8
