9
10
15
0
14
13
4
8
1
17
18
7
19
11
5
3
2
16
6
9
12
15
0
10
14
13
4
8
1
17
19
7
11
18
5
2
3
16
6
12
15
9
10
0
14
13
4
8
17
19
1
11
5
18
7
3
12
2
6
9
15
16
10
14
0
13
8
4
17
19
5
1
7
18
11
2
3
9
12
15
6
16
0
7
10
13
14
8
4
17
19
1
18
5
11
3
9
12
15
2
16
10
0
6
7
13
14
4
8
17
19
1
18
11
5
15
9
12
2
16
10
3
0
6
7
14
13
17
4
8
19
1
18
11
5
15
12
9
16
0
10
2
6
3
7
14
13
17
8
4
19
1
5
11
9
15
12
16
0
18
10
6
2
3
7
14
13
17
19
8
4
1
9
15
11
16
5
18
0
10
12
2
7
6
14
3
17
13
19
8
4
9
1
16
15
5
11
10
0
12
18
7
6
2
14
3
13
17
19
8
4
9
1
16
5
15
10
12
11
18
0
6
2
7
14
3
13
17
8
19
9
4
16
5
15
1
12
10
0
18
11
6
7
2
13
14
3
17
8
19
9
4
16
15
1
5
12
11
0
10
6
18
7
2
14
17
13
3
8
19
9
4
16
15
1
5
12
0
10
11
18
6
7
2
14
17
3
8
13
19
9
4
15
1
5
12
0
11
16
10
6
18
7
2
17
14
3
8
13
19
4
9
1
15
5
0
16
18
11
10
6
12
2
7
14
8
3
13
17
19
4
9
15
16
1
0
5
18
11
10
12
6
14
2
7
8
17
13
3
19
4
9
15
16
0
5
18
10
1
11
12
6
7
14
2
17
13
3
8
9
16
15
4
19
5
0
18
10
12
1
11
14
6
7
2
17
9
8
13
15
3
19
16
4
5
0
10
12
1
18
11
6
14
7
17
8
2
13
9
3
15
16
19
4
0
5
12
10
1
18
11
6
14
7
8
17
2
9
13
15
3
19
16
4
0
10
5
12
1
18
6
11
14
7
17
9
8
2
13
15
16
0
4
3
19
12
1
5
10
18
6
7
11
14
9
2
17
8
13
15
0
4
16
3
19
10
5
12
1
18
6
7
11
14
9
17
8
2
13
15
4
16
0
19
3
10
5
12
1
18
6
11
7
14
9
17
15
8
13
2
4
16
0
19
3
12
5
10
18
1
6
11
7
9
14
15
17
13
2
8
4
0
3
19
16
5
10
12
18
1
7
11
6
14
9
17
15
8
2
13
4
0
19
16
3
5
10
12
18
1
11
7
6
14
9
15
17
13
8
4
2
0
16
19
3
10
18
5
12
1
6
11
7
14
9
17
15
13
8
4
2
16
19
0
3
10
18
5
12
11
6
7
1
14
9
15
17
13
8
16
2
0
9
3
4
19
12
10
5
18
6
1
7
11
14
17
15
13
16
8
9
2
0
19
4
3
10
12
5
6
1
7
18
11
14
17
15
16
13
9
8
0
4
19
3
12
10
2
1
7
5
6
18
11
14
15
16
17
13
8
9
0
4
3
19
12
10
2
1
5
6
18
7
11
15
16
17
14
13
8
9
0
3
12
4
19
10
2
5
7
1
18
6
11
15
16
14
17
13
0
9
4
12
8
19
10
3
5
2
7
1
18
6
15
11
16
14
17
0
13
9
19
12
3
10
4
8
5
7
2
18
6
15
1
16
11
14
17
0
13
9
10
19
8
12
3
4
5
18
7
6
2
15
1
14
11
16
17
0
13
9
10
19
8
12
4
3
5
18
6
15
7
1
2
16
14
11
17
0
13
8
9
19
10
3
12
5
4
15
18
6
1
2
7
16
11
14
17
8
9
13
19
0
4
12
3
10
5
1
18
15
6
11
2
7
16
14
8
9
17
13
19
12
4
3
10
0
5
18
15
1
6
7
11
16
2
14
17
9
8
13
12
10
19
0
5
18
3
4
7
15
6
1
16
11
2
14
8
17
9
12
10
19
0
5
13
3
4
7
15
6
18
1
11
16
2
14
8
9
17
12
10
19
0
3
5
4
15
13
7
1
6
18
11
16
14
2
8
9
17
0
10
19
12
3
5
4
15
13
7
1
18
11
6
16
14
2
8
9
17
0
12
19
10
5
13
15
3
4
7
1
11
18
6
16
14
2
9
8
17
10
0
19
12
5
3
4
15
13
1
7
18
11
16
6
14
2
9
8
17
10
0
12
19
5
15
4
3
1
13
7
16
18
11
6
14
9
2
8
17
12
0
10
19
3
4
5
15
1
7
