-1
-1
-1
-1
-1
-1
-1
-1
-1
-1
-1
-1
-1
-1
-1
-1
-1
-1
-1
-1
-1
-1
-1
-1
-1
-1
-1
-1
-1
-1
-1
-1
-1
-1
-1
-1
-1
-1
-1
-1
-1
-1
-1
-1
-1
-1
-1
-1
-1
-1
-1
-1
-1
-1
-1
-1
-1
-1
-1
-1
-1
-1
-1
-1
-1
-1
-1
-1
-1
-1
-1
-1
-1
-1
-1
-1
-1
-1
-1
-1
-1
-1
-1
-1
-1
-1
-1
-1
-1
-1
-1
-1
-1
-1
-1
-1
-1
-1
-1
-1
-1
-1
-1
-1
-1
-1
-1
-1
-1
-1
-1
-1
-1
-1
-1
-1
-1
-1
-1
-1
-1
-1
-1
-1
-1
-1
-1
-1
-1
-1
-1
-1
-1
-1
-1
-1
-1
-1
-1
-1
-1
-1
-1
-1
-1
-1
-1
-1
-1
-1
-1
-1
-1
-1
-1
-1
-1
-1
-1
-1
-1
-1
-1
-1
-1
-1
-1
-1
-1
-1
-1
-1
-1
-1
-1
-1
-1
-1
-1
-1
-1
-1
-1
-1
-1
-1
-1
-1
-1
-1
-1
-1
-1
-1
-1
-1
-1
-1
-1
-1
-1
-1
-1
-1
-1
-1
-1
-1
-1
-1
-1
-1
-1
-1
-1
-1
-1
-1
-1
-1
-1
-1
-1
-1
-1
-1
-1
-1
-1
-1
-1
-1
-1
-1
-1
-1
-1
-1
-1
-1
0
1
3
5
2
4
6
7
8
9
10
11
12
13
14
15
16
17
18
19
13
10
18
2
6
5
9
15
0
7
3
1
14
11
8
12
17
4
19
16
13
18
2
5
6
8
10
9
0
1
15
7
8
11
14
12
3
17
16
19
4
13
18
6
0
5
9
10
2
15
1
7
14
8
12
3
17
11
16
19
13
18
4
6
0
5
10
15
2
9
1
19
7
8
14
12
3
17
11
18
16
13
5
10
2
4
0
6
15
9
1
19
7
0
8
14
12
3
17
11
18
13
10
5
16
6
2
4
15
9
1
19
8
7
0
14
12
3
17
18
11
13
10
5
2
16
6
4
15
9
1
19
8
0
7
12
14
3
18
17
13
11
10
5
2
6
16
15
1
4
9
19
0
8
12
7
3
14
18
19
17
13
5
11
10
6
2
15
16
1
9
4
0
12
18
8
3
7
14
19
17
13
5
10
11
6
15
2
1
16
9
18
0
12
4
8
3
14
19
7
17
13
5
6
11
10
2
15
1
9
16
0
12
14
4
3
8
18
19
7
17
5
13
11
6
2
10
15
16
0
1
9
12
4
18
19
8
3
14
5
7
17
13
6
11
2
15
0
16
1
9
12
10
18
4
8
19
14
3
5
13
7
6
17
2
11
15
0
18
1
12
9
16
10
8
14
19
3
5
4
13
7
17
6
18
0
11
2
15
8
12
14
16
9
10
1
3
19
5
4
7
17
13
6
18
0
11
15
2
14
12
8
1
16
9
10
5
19
3
4
17
7
6
13
18
0
11
2
15
12
14
8
16
5
19
1
3
10
9
4
17
13
7
19
6
18
0
11
2
15
14
12
8
5
3
16
1
9
10
17
13
4
6
7
19
18
0
2
11
15
12
8
5
14
1
16
3
9
10
6
17
13
4
18
19
7
0
2
11
5
12
8
15
1
14
3
9
16
10
17
18
3
6
7
13
4
19
0
2
11
8
5
12
1
15
14
9
10
16
18
17
13
3
6
19
7
4
0
2
11
5
8
12
1
15
14
9
10
13
18
16
17
6
3
0
19
7
4
12
11
2
5
1
15
14
8
9
10
13
18
17
16
6
19
0
3
7
4
11
2
12
5
1
14
15
8
9
10
13
18
17
6
16
19
0
3
7
12
2
4
5
11
14
1
15
8
10
9
13
18
17
6
19
0
16
3
12
2
7
5
11
14
4
1
15
8
13
10
9
18
8
17
6
19
0
16
7
12
2
3
5
11
1
14
15
4
13
10
18
9
8
17
6
0
19
7
2
3
12
16
5
11
1
14
13
15
4
10
18
9
17
8
6
0
19
12
2
5
7
16
3
14
11
13
15
1
4
18
9
10
17
8
6
0
19
5
12
3
2
7
13
16
11
14
1
15
18
17
4
9
10
8
6
19
0
5
2
12
3
7
13
14
11
18
16
1
17
15
9
4
10
8
6
19
0
5
3
2
12
7
13
18
11
14
1
16
17
15
9
8
10
4
6
19
0
5
12
3
13
2
7
18
14
11
1
17
15
16
8
9
6
4
10
0
5
19
12
3
2
13
7
18
14
17
1
11
15
9
16
6
8
10
4
0
5
12
19
3
2
13
18
7
14
17
11
1
16
15
8
9
10
6
4
5
0
19
3
12
13
18
2
7
1
14
17
11
16
8
15
6
5
0
4
9
10
19
3
12
18
13
2
7
14
17
1
11
16
15
6
8
