10
13
2
4
12
8
19
14
7
1
9
3
17
5
6
16
15
11
2
10
0
18
13
4
12
8
19
14
1
9
7
3
17
6
5
16
11
10
0
15
2
18
13
4
12
8
14
9
19
1
7
6
3
17
5
16
11
0
10
15
18
2
4
13
8
12
14
19
9
7
1
3
6
5
17
16
0
11
10
2
4
15
18
13
12
8
14
19
9
1
7
3
17
5
16
6
0
10
11
15
2
18
4
14
19
12
8
9
13
1
5
7
17
3
6
16
0
10
2
15
4
11
18
8
12
14
13
9
19
1
5
7
17
3
6
16
0
2
10
11
15
4
13
8
14
12
18
19
1
9
5
17
7
16
3
6
0
10
15
2
4
11
12
14
8
13
18
19
1
9
17
5
6
16
3
7
0
10
15
2
11
4
12
14
8
1
19
18
13
9
17
5
16
3
6
7
0
10
15
2
12
11
4
14
19
1
8
13
18
9
17
5
6
7
16
3
0
10
15
2
12
14
11
4
19
8
13
1
18
9
17
5
6
7
3
16
0
10
2
15
12
4
14
11
19
9
1
13
18
8
6
17
5
7
3
16
0
10
15
2
12
4
11
14
9
1
19
18
6
8
13
17
5
0
3
7
16
10
15
2
12
4
9
14
11
1
19
6
8
18
13
5
17
0
3
10
7
16
15
9
2
12
4
11
14
19
1
8
6
18
13
5
17
16
3
7
15
0
10
9
2
12
11
4
14
19
6
1
8
18
13
17
5
16
7
3
15
0
10
9
2
12
4
11
14
19
6
1
8
17
18
13
5
7
16
0
3
10
15
9
2
11
4
12
14
6
1
8
19
18
13
5
7
17
16
3
15
0
9
10
2
11
4
12
14
8
1
6
19
13
18
5
17
16
7
15
3
0
10
9
2
4
11
12
14
8
6
1
19
17
5
16
7
13
15
18
0
3
10
9
2
4
14
12
11
8
1
6
19
16
7
10
17
5
0
18
15
13
3
9
4
2
14
8
11
12
6
1
19
10
7
16
17
5
0
15
18
3
9
13
4
2
11
8
14
12
1
6
10
19
16
0
17
7
5
15
9
18
13
3
4
12
8
2
14
11
6
1
19
10
17
7
0
16
5
9
15
3
18
13
4
2
8
14
12
11
6
1
19
10
17
5
16
7
9
0
15
3
13
18
4
14
12
11
2
8
6
1
10
19
17
5
16
9
7
0
15
3
18
13
4
11
14
12
8
6
2
1
19
10
5
16
17
9
0
15
7
3
18
13
4
14
11
8
12
2
6
1
10
19
5
16
17
0
15
9
7
3
18
13
4
8
12
14
2
6
1
11
10
19
5
16
17
9
15
0
3
7
18
13
6
4
2
11
12
1
14
8
16
19
15
5
9
10
17
0
7
3
13
18
14
4
12
6
2
11
8
1
16
19
17
5
9
15
10
7
0
13
3
18
14
2
6
12
4
11
1
16
8
9
15
17
10
5
7
19
3
13
0
14
6
12
16
18
11
1
4
8
2
15
10
9
17
5
7
19
0
13
3
6
12
4
14
16
18
1
11
8
15
2
10
17
9
5
7
0
19
3
13
12
6
4
14
16
11
8
1
15
18
10
2
9
17
5
7
0
19
3
13
6
12
16
4
14
15
8
1
18
11
9
10
17
2
5
7
0
19
3
13
6
12
16
15
4
1
14
8
9
11
18
10
17
2
5
7
19
0
3
13
6
16
14
12
8
15
9
18
4
1
11
10
17
2
5
7
0
19
13
3
6
16
14
12
15
9
8
18
1
11
10
4
2
17
5
0
7
19
13
3
6
16
15
9
12
14
8
18
10
4
1
11
2
17
5
0
7
19
3
13
6
9
14
12
15
16
10
8
18
1
4
11
17
2
5
7
0
19
3
6
13
9
12
14
15
16
8
4
10
18
1
11
17
2
5
7
19
3
0
13
9
6
12
14
15
16
10
4
8
18
17
1
11
2
7
5
19
13
0
9
3
12
15
14
6
16
10
18
4
17
8
1
11
7
2
5
19
0
3
12
16
9
6
10
15
14
13
4
8
17
1
11
18
7
19
2
5
3
0
9
16
12
10
14
13
15
6
17
4
1
8
18
11
7
19
2
5
3
9
0
14
10
13
12
16
6
15
17
4
8
1
18
7
11
19
5
2
3
9
0
6
12
16
15
13
14
10
4
17
8
1
18
7
11
19
2
5
3
0
6
12
16
15
13
9
10
14
4
1
8
17
7
18
11
19
5
2
3
12
16
6
