7
9
10
18
5
1
0
6
19
16
17
13
4
11
8
2
14
3
12
9
10
15
7
5
0
18
6
1
19
16
17
13
4
11
8
2
12
14
10
3
15
5
0
9
7
18
1
6
19
16
17
13
4
8
11
2
12
14
3
10
15
5
18
0
9
7
6
1
16
17
19
13
4
8
11
2
12
15
14
5
3
0
10
9
18
7
1
6
16
17
19
4
13
8
11
2
15
12
5
14
3
18
9
0
10
1
7
6
16
17
19
4
13
8
11
12
15
14
5
2
3
9
10
0
18
7
1
6
16
17
19
4
13
11
8
15
12
14
5
2
3
9
0
10
7
18
1
6
17
16
19
4
13
11
8
15
12
14
5
3
2
0
10
9
18
7
1
17
6
16
19
4
11
13
8
12
15
2
0
3
5
9
10
14
1
7
17
18
6
16
19
4
8
11
13
12
15
3
9
2
14
5
10
0
1
17
18
7
16
19
6
13
11
4
8
12
15
3
2
14
5
9
0
10
17
1
7
18
16
19
6
13
11
8
4
15
12
14
3
5
2
10
9
0
1
7
18
17
16
19
6
13
11
15
8
12
4
3
5
14
9
2
10
0
1
18
7
17
16
19
6
13
11
15
12
4
8
3
14
5
9
2
10
0
18
7
17
1
16
19
13
6
15
12
11
4
8
14
5
3
9
2
10
0
18
7
1
17
16
19
6
13
15
11
12
4
5
8
14
9
3
10
0
2
7
18
17
16
1
19
15
12
13
6
11
14
4
5
8
0
3
9
2
10
7
17
18
16
1
19
15
12
6
13
11
5
8
14
4
10
0
3
9
7
2
17
16
18
1
19
15
12
6
13
11
5
8
4
14
0
7
3
10
17
9
16
2
18
15
1
19
12
13
11
6
5
8
4
14
7
0
10
17
3
9
2
16
18
1
12
15
19
13
11
6
8
5
14
4
0
7
2
3
9
10
16
17
15
1
18
12
11
13
19
5
14
4
6
8
0
7
10
17
16
9
3
2
15
12
1
18
13
19
11
5
14
6
4
8
0
7
10
17
16
15
7
9
3
2
12
18
1
17
11
19
13
5
14
8
6
4
0
10
16
15
12
7
2
3
9
18
1
17
5
13
11
14
19
6
8
4
0
10
16
15
12
3
2
7
9
18
1
5
17
11
14
13
19
8
6
4
10
0
15
16
3
7
12
9
2
18
5
1
17
11
14
13
19
6
8
4
0
15
16
10
12
3
7
2
9
5
18
1
17
14
11
6
13
8
19
4
15
16
10
0
3
7
9
12
2
5
1
17
18
11
14
19
4
6
13
8
15
16
10
0
3
9
2
7
12
1
5
17
11
14
18
4
6
13
8
19
15
10
16
3
9
2
0
12
7
1
17
5
14
11
18
8
6
19
13
4
15
16
10
3
9
0
7
12
2
1
17
11
5
14
18
19
4
6
16
8
13
10
15
0
3
9
2
1
7
12
17
11
5
14
18
19
4
6
13
8
10
16
15
0
3
2
12
1
9
17
7
14
5
11
18
19
4
6
13
10
16
15
0
8
3
1
12
9
17
7
14
5
2
11
19
18
13
6
16
10
15
4
0
8
3
9
1
12
14
7
5
17
11
2
19
18
16
6
13
15
0
10
4
8
3
1
9
14
12
7
5
17
11
2
18
19
16
0
15
10
6
4
13
1
9
8
3
7
14
12
17
5
11
2
16
15
18
19
10
13
6
0
4
8
12
1
9
7
14
3
17
11
5
2
15
16
18
0
6
10
13
19
4
8
12
9
1
7
14
3
17
11
5
2
15
16
18
6
10
0
19
13
4
8
12
7
1
14
9
3
17
5
11
2
15
16
6
18
0
10
4
19
13
12
8
7
9
14
1
3
5
17
11
2
16
15
6
18
10
0
19
4
16
13
12
8
9
7
14
1
3
17
5
11
15
2
10
6
18
19
0
4
16
13
12
8
14
7
9
1
3
17
5
11
2
10
18
6
15
19
0
4
13
16
8
12
1
9
7
14
3
11
5
17
2
15
6
18
19
0
10
4
16
13
8
12
1
9
7
14
3
17
5
2
11
6
18
15
0
16
10
4
8
13
19
12
9
14
7
1
3
17
5
11
2
18
6
16
10
15
0
13
8
19
4
12
14
9
7
3
1
17
5
11
6
16
15
0
18
2
10
13
4
19
8
12
14
9
7
3
1
5
17
6
11
16
13
18
10
15
0
2
4
8
12
19
14
7
9
1
3
17
5
6
16
11
15
0
18
