13
16
11
18
6
14
9
2
17
10
0
8
12
19
3
4
15
5
13
1
16
7
18
11
14
6
9
2
17
0
8
19
10
12
3
5
15
13
4
1
16
18
11
7
6
9
14
2
8
0
17
10
19
12
3
15
16
5
4
1
13
18
11
7
6
14
9
2
8
0
10
12
19
17
16
3
15
5
13
4
18
1
11
7
14
9
6
2
8
10
16
15
17
19
0
12
5
13
18
3
4
1
7
14
11
9
6
2
8
10
16
17
19
15
0
12
5
4
3
1
13
18
7
11
14
9
6
2
8
19
16
17
10
12
15
5
0
4
3
13
1
18
7
11
14
9
8
6
2
19
10
17
16
15
12
5
0
3
4
1
13
18
7
14
11
9
8
6
19
10
2
12
17
16
15
0
5
4
3
1
13
18
7
14
11
9
8
6
19
16
15
10
2
17
12
0
5
4
3
1
13
18
14
7
11
9
6
8
10
15
2
19
16
17
12
0
5
4
1
3
13
7
14
18
11
9
6
8
19
10
15
16
0
2
12
17
5
1
3
13
4
7
14
18
11
9
8
6
10
19
15
16
0
12
2
17
5
13
3
4
1
7
14
18
11
9
8
6
10
16
19
15
0
2
12
5
17
1
4
3
13
7
18
11
9
14
8
16
6
10
19
15
0
5
2
12
17
1
4
3
13
7
18
9
11
8
14
16
19
15
10
6
2
5
0
12
3
4
17
13
1
7
18
11
9
14
16
8
19
10
15
6
2
12
5
0
3
4
1
17
7
13
18
9
11
14
16
19
6
15
8
10
2
12
5
0
4
3
7
1
17
13
18
14
11
9
19
16
8
12
5
6
10
0
15
2
4
3
1
7
13
17
9
18
14
11
16
12
19
8
5
15
10
6
0
2
3
4
1
17
7
13
14
9
18
11
12
16
19
8
5
10
0
15
6
12
2
3
17
7
4
1
13
14
18
9
11
8
16
19
5
15
10
6
0
12
2
3
17
1
4
7
13
14
9
18
16
11
15
8
10
19
6
5
0
2
3
12
17
7
1
4
13
14
9
18
10
11
8
19
15
16
5
0
6
2
12
3
17
1
4
7
14
13
9
18
11
10
16
5
0
19
8
6
15
2
3
12
1
17
4
7
14
9
13
18
10
11
5
19
0
16
8
6
15
12
2
3
17
1
4
7
9
13
10
14
11
19
18
16
5
8
6
15
3
0
2
12
17
1
4
7
9
13
14
11
10
18
19
8
5
16
15
3
0
2
12
6
4
17
7
1
9
13
14
11
18
10
16
5
8
19
15
2
3
0
12
6
17
4
1
7
9
13
14
11
16
10
18
5
19
15
8
2
12
0
3
6
17
7
4
1
9
13
14
11
16
5
19
10
18
8
15
12
0
3
2
17
6
4
1
7
9
14
16
11
13
19
10
5
18
12
15
8
3
0
17
2
6
7
4
1
9
16
11
14
13
10
19
5
18
12
15
0
8
3
17
2
6
7
4
1
9
11
16
14
10
5
13
19
12
15
18
8
0
17
3
6
2
7
1
4
9
16
11
10
14
5
13
19
15
12
18
8
3
0
17
6
1
4
7
2
9
16
11
5
13
14
10
19
12
18
8
15
0
3
17
6
7
2
1
9
16
4
11
5
10
13
14
19
12
18
0
8
3
15
17
6
2
1
7
16
9
4
11
5
13
14
19
10
12
18
0
8
15
3
17
6
7
2
1
16
4
9
11
5
13
14
10
18
8
19
12
15
0
6
3
7
17
1
2
16
4
9
11
5
13
10
14
18
19
8
12
3
15
0
17
6
7
2
1
4
16
9
5
11
13
10
14
18
19
12
0
15
3
8
6
17
7
2
1
9
16
4
5
11
13
14
18
10
12
19
0
15
3
8
17
7
6
1
2
9
16
5
4
11
13
14
10
12
19
18
15
0
3
17
7
6
8
2
1
9
4
16
5
11
13
12
14
10
19
18
15
3
17
0
6
7
8
1
2
9
16
4
5
11
13
12
19
14
10
18
15
3
0
8
7
17
1
6
9
2
16
4
5
11
13
14
5
10
19
12
15
3
18
8
17
0
1
7
6
9
2
16
11
4
13
5
12
14
18
10
19
3
15
8
0
1
17
7
6
9
2
11
4
16
13
18
5
14
10
12
3
8
15
19
1
17
0
7
6
9
2
4
16
11
13
10
5
14
8
18
12
15
3
19
1
17
0
7
9
6
16
2
4
11
12
13
14
5
10
18
8
19
15
3
1
17
6
9
