0
7
16
4
2
11
5
10
13
3
8
19
12
18
14
15
1
9
6
17
7
0
2
16
4
11
13
3
5
10
12
19
14
8
15
18
9
1
17
7
6
0
11
2
4
16
10
12
13
3
5
14
15
8
19
18
9
1
17
7
0
6
2
16
4
11
10
12
13
5
3
14
8
15
18
19
9
1
17
7
6
0
16
2
4
11
10
5
12
3
13
8
19
14
1
15
9
18
17
0
7
6
16
2
4
10
11
12
5
3
13
19
8
15
1
14
18
9
17
0
7
6
16
4
10
2
11
5
12
3
13
19
18
8
14
15
1
9
17
0
7
4
6
16
2
10
5
11
12
13
3
19
8
15
18
9
1
14
17
7
0
6
16
4
2
10
11
5
12
3
8
9
15
19
13
18
1
14
17
7
0
6
4
16
2
11
10
5
8
3
12
19
18
13
9
15
1
14
7
17
6
0
4
10
16
2
5
11
8
3
18
13
12
19
15
9
1
14
7
17
6
4
0
2
16
11
5
10
3
8
13
18
12
15
1
19
9
14
17
6
7
4
0
2
10
11
16
5
3
8
1
18
13
15
19
12
9
14
7
6
17
4
0
2
10
5
16
11
3
18
13
15
8
19
9
1
12
7
14
6
17
4
2
0
5
10
16
11
3
18
1
12
13
15
9
8
19
7
14
6
17
4
5
2
16
0
10
11
3
12
18
1
13
15
19
9
7
8
6
14
17
4
5
2
16
0
10
11
12
3
15
1
9
19
7
8
13
18
6
14
17
4
5
2
16
0
10
11
3
12
1
15
19
9
8
7
18
13
6
14
17
5
4
16
2
0
10
12
1
15
11
3
19
8
9
7
13
18
6
17
14
5
4
16
2
0
10
1
11
15
8
3
19
9
12
7
18
13
6
17
14
4
5
16
2
0
10
15
11
3
1
8
12
19
9
7
18
13
6
17
14
5
4
2
16
0
1
11
10
3
15
12
7
19
8
6
18
13
9
14
17
5
4
2
16
1
10
3
11
0
15
19
7
8
6
12
18
9
13
14
17
4
2
16
5
1
3
11
0
10
15
19
7
9
6
8
13
12
18
14
17
4
2
16
5
1
19
0
3
11
15
10
7
9
8
18
6
13
12
4
14
17
2
16
5
11
15
3
0
1
19
10
8
18
9
7
13
6
12
4
17
16
14
2
5
10
11
1
0
15
3
19
13
9
18
7
8
12
6
4
16
14
2
17
5
15
1
10
0
11
19
3
13
9
18
7
8
12
6
4
16
14
2
17
5
10
15
0
1
19
11
3
13
9
12
8
7
18
6
16
4
2
17
14
5
10
15
1
19
0
11
13
9
3
8
7
12
18
6
16
4
17
2
14
5
10
1
15
19
0
11
13
3
9
8
12
18
7
6
17
16
4
2
14
5
10
1
15
0
19
11
13
3
12
9
8
7
6
18
17
16
4
2
14
5
1
10
15
11
19
0
13
8
3
9
12
7
18
6
17
4
2
16
14
5
10
1
19
11
15
0
13
8
9
3
12
7
18
6
17
4
2
16
14
5
1
10
19
11
0
15
13
8
3
9
18
7
12
6
17
4
2
16
5
14
1
0
11
19
15
10
13
3
8
9
7
18
12
6
17
4
2
16
5
14
1
15
19
0
10
3
13
11
8
7
9
18
6
12
4
17
2
5
16
14
1
15
11
10
19
3
13
0
7
9
8
12
18
4
6
2
17
5
16
14
1
15
11
19
10
7
0
13
9
3
8
12
18
4
2
6
5
17
14
16
1
10
15
0
7
19
13
11
8
9
12
3
18
2
4
6
16
5
17
14
10
1
15
7
0
19
12
9
11
8
3
13
2
4
18
6
16
14
5
17
10
1
15
7
19
0
9
12
8
3
11
13
2
4
18
9
6
16
14
17
5
10
1
15
7
8
19
12
0
11
3
13
18
4
2
6
9
16
14
17
5
15
10
1
7
19
11
8
12
0
3
2
13
4
18
6
9
14
16
17
5
10
1
15
7
0
8
19
3
11
12
2
13
6
18
4
9
14
16
5
17
10
1
8
0
7
15
3
19
6
12
11
13
18
2
9
4
17
14
5
16
0
1
8
10
7
3
12
15
19
11
13
6
15
4
17
2
14
9
16
18
5
10
1
0
8
12
19
3
7
11
13
6
4
17
15
2
14
18
9
16
5
1
10
0
8
12
19
3
7
11
13
6
18
2
4
15
17
16
9
14
5
10
0
1
12
19
3
8
11
7
13
18
2
6
