15
18
12
11
3
6
10
4
17
7
13
19
9
0
5
2
1
14
16
15
8
18
12
11
3
6
10
4
2
17
0
1
5
7
13
9
19
16
8
18
14
15
12
11
3
6
10
4
17
7
0
9
2
5
19
13
1
8
16
15
14
11
12
18
3
10
6
4
9
0
17
7
1
19
5
8
13
2
14
15
12
11
16
18
3
10
6
4
9
13
1
17
7
5
19
0
2
8
15
14
11
16
12
18
3
6
10
9
4
17
19
13
2
5
0
8
15
14
1
7
11
16
12
18
3
10
6
9
4
2
17
13
8
15
5
0
19
14
11
1
7
12
16
18
3
6
10
9
4
2
17
5
19
8
13
15
14
0
7
11
1
12
16
18
3
6
10
9
4
2
17
15
5
8
13
0
19
14
11
1
7
12
16
18
3
6
9
10
4
2
17
8
5
0
15
13
14
19
11
7
1
12
16
3
18
6
9
10
2
4
8
17
5
15
14
19
0
13
11
7
1
12
16
3
18
9
6
10
2
4
8
17
13
0
15
5
14
19
11
1
12
7
18
3
16
9
6
10
2
8
4
0
5
15
14
17
19
13
1
11
12
7
16
3
18
6
9
10
2
4
8
0
5
17
13
14
15
19
12
11
1
7
16
3
18
9
8
4
0
2
6
10
17
5
15
14
19
1
11
12
13
7
16
3
18
9
4
2
6
0
8
10
17
5
15
14
19
11
12
1
13
7
18
3
16
9
2
6
0
4
8
10
5
17
14
15
19
11
12
13
1
7
3
18
16
9
2
6
0
4
10
17
5
8
14
15
19
11
12
13
1
18
3
9
7
16
2
6
0
17
5
4
10
14
8
15
19
12
13
11
1
18
7
3
9
16
2
6
0
5
17
10
4
8
14
15
12
11
19
13
1
3
18
9
7
16
2
0
6
10
5
8
14
17
4
15
12
11
13
1
19
18
3
9
7
16
2
0
6
5
17
14
15
4
8
10
12
11
13
19
1
3
18
9
2
16
7
0
6
14
5
17
8
15
12
10
4
11
1
13
19
3
18
9
2
16
0
7
6
14
17
15
5
12
10
4
8
11
1
19
13
18
3
9
2
16
7
6
0
14
15
17
10
12
4
5
8
11
1
18
19
13
3
9
2
7
16
6
0
12
17
4
10
5
14
15
8
11
1
18
3
13
19
9
2
16
7
0
4
15
17
6
12
14
8
5
10
11
1
3
18
19
9
13
2
16
7
15
6
8
12
14
4
0
17
5
11
1
10
18
3
9
19
13
2
16
7
15
12
14
6
4
8
0
17
5
1
11
18
10
3
9
19
13
2
16
12
7
14
15
6
8
17
5
0
11
1
4
3
9
18
10
19
2
13
16
12
14
15
6
7
8
0
17
1
11
5
4
18
9
3
2
10
19
13
16
12
15
14
6
8
0
7
1
17
4
11
5
9
3
18
10
2
19
13
16
12
15
1
6
14
17
0
7
8
4
11
5
18
9
3
10
2
19
13
16
15
12
1
6
14
17
0
7
8
4
5
11
9
18
10
3
2
19
16
13
15
12
1
6
14
7
17
4
0
5
8
9
11
3
18
10
2
19
16
13
15
12
1
6
14
7
0
17
4
8
5
11
9
3
18
2
10
19
16
15
13
12
1
6
14
0
7
17
5
11
8
4
3
18
2
9
10
19
16
12
13
15
1
6
0
14
17
5
7
11
8
4
3
18
2
9
10
19
16
13
1
15
6
12
14
0
17
5
7
4
8
3
11
2
9
18
19
16
10
1
15
12
13
14
6
0
17
5
4
7
8
2
11
3
9
18
19
16
10
15
1
12
14
13
6
0
17
5
4
7
2
8
11
3
9
19
18
16
12
1
15
10
14
13
6
17
0
4
8
5
7
11
2
3
9
17
19
18
16
15
12
1
13
10
14
6
0
5
11
4
8
2
7
3
17
9
19
18
16
15
12
1
10
14
13
6
0
5
4
8
11
2
7
3
9
17
19
18
15
16
12
10
1
14
0
6
13
5
11
4
8
2
7
3
9
19
17
18
15
16
12
14
1
10
6
0
13
5
11
8
4
2
3
7
17
19
9
18
15
16
12
1
14
10
6
0
5
13
11
2
4
8
3
7
17
9
19
18
16
15
12
1
14
10
6
0
5
13
11
2
4
3
8
17
7
9
19
18
15
16
12
1
14
10
0
6
13
5
2
11
4
3
8
17
19
7
9
18
16
12
15
1
10
0
14
6
5
13
2
11
4
3
8
17
