15
4
17
16
9
5
14
10
1
12
0
19
11
3
7
8
13
2
6
17
18
16
15
4
9
5
14
10
1
0
19
12
7
3
13
8
11
2
6
17
16
18
4
9
15
5
10
14
1
19
12
0
3
7
8
13
11
2
16
17
6
4
9
5
15
18
10
14
12
19
1
0
3
7
8
13
11
2
16
17
6
9
15
5
4
10
18
14
19
1
12
0
3
7
13
11
8
2
16
17
6
9
15
5
4
18
14
10
19
1
12
0
3
7
8
11
2
16
13
9
17
6
15
5
4
18
10
14
19
1
12
0
7
3
8
11
2
13
16
17
6
5
9
15
18
4
10
14
19
12
1
0
7
3
8
11
16
2
13
17
15
6
5
9
10
18
4
14
1
12
19
0
7
3
11
8
2
16
13
6
17
15
18
9
5
4
14
1
10
19
0
12
3
11
8
2
7
16
13
17
15
6
5
4
9
18
1
10
14
19
0
12
3
11
8
16
7
13
2
15
6
17
9
5
4
18
10
1
14
12
19
0
3
8
11
16
7
13
2
15
17
5
9
6
4
18
10
1
14
12
0
3
19
11
16
13
8
17
7
2
15
5
9
6
10
4
18
1
14
12
0
3
19
8
11
13
16
2
17
7
