11
18
13
9
8
17
12
2
5
16
7
4
10
15
3
14
19
1
6
0
9
11
18
13
8
17
12
2
5
16
4
7
3
15
14
10
1
19
0
9
11
6
18
13
8
17
12
2
5
16
4
3
7
15
14
1
19
10
11
9
18
6
13
0
8
17
12
2
5
16
4
3
15
7
14
19
1
10
9
11
18
6
0
13
8
17
12
2
5
16
3
4
15
7
19
14
1
10
11
9
6
18
0
13
17
8
2
5
12
16
4
15
3
7
19
14
10
1
9
11
6
0
13
18
8
17
2
5
12
16
4
3
7
15
19
10
1
0
6
9
11
13
14
17
18
8
2
5
12
16
15
19
3
4
7
9
0
14
13
10
11
6
1
18
17
5
12
8
2
16
15
4
19
3
7
0
13
14
9
10
11
6
1
17
18
5
12
2
8
16
15
19
4
3
0
13
9
7
14
10
11
6
1
18
17
12
5
2
8
16
15
19
0
13
10
14
4
3
9
7
11
6
17
18
1
5
12
2
16
8
15
19
13
0
10
14
4
9
3
11
7
6
18
17
1
5
12
2
16
15
8
19
13
10
0
9
14
4
3
11
7
6
18
17
1
5
12
2
16
15
8
13
10
19
9
14
4
0
3
11
7
6
18
17
5
1
12
2
16
15
8
10
19
13
9
4
14
3
6
0
11
7
18
5
17
2
1
16
12
15
8
10
13
9
19
4
14
6
3
7
11
0
18
5
17
1
2
12
16
15
8
10
19
13
9
14
4
6
3
11
7
5
18
0
17
2
1
12
16
15
8
9
19
13
10
14
6
11
4
3
5
18
0
7
2
17
1
12
16
15
8
9
13
10
14
19
3
6
4
0
5
11
18
7
1
2
12
17
16
15
9
14
8
19
10
13
6
3
18
5
4
0
11
2
1
7
17
12
16
15
9
19
14
10
13
3
6
8
4
18
5
11
0
2
17
1
7
12
15
16
9
14
10
19
13
6
3
8
18
11
5
4
0
2
17
7
1
12
15
16
9
14
19
10
13
8
3
6
18
11
5
0
4
2
1
17
7
15
12
16
14
9
19
10
13
3
8
6
18
11
5
0
2
4
7
17
15
1
12
16
14
10
9
19
13
3
6
8
18
11
5
0
2
4
7
1
15
17
12
16
14
9
10
19
13
8
6
3
11
18
5
0
2
4
15
17
7
12
16
1
9
14
10
19
13
6
8
3
5
18
11
2
0
4
15
7
17
12
1
16
9
14
10
19
13
6
3
8
5
18
11
2
0
4
15
7
12
17
16
14
9
1
10
19
6
13
8
3
5
18
11
2
0
15
7
16
4
17
12
14
9
1
19
10
6
13
8
3
18
5
11
0
2
15
7
16
17
12
4
14
10
9
19
1
6
13
8
3
18
0
5
11
15
14
7
2
12
16
17
4
9
10
1
19
13
8
6
18
3
15
5
11
0
14
7
17
16
2
12
9
4
19
10
13
1
6
8
18
3
15
5
11
14
7
0
9
17
16
2
12
19
10
4
1
13
18
8
6
3
15
5
11
14
9
7
0
16
17
2
19
12
10
4
13
1
18
6
8
3
15
5
11
14
16
9
0
17
7
2
19
12
10
13
4
1
6
18
8
3
5
15
11
14
9
7
0
17
16
19
2
10
12
4
13
1
6
18
8
3
15
5
11
14
9
0
16
17
19
7
2
10
12
4
13
1
6
18
8
3
15
5
9
11
14
0
16
17
19
2
7
12
10
4
13
6
1
18
15
3
8
5
11
14
9
0
17
16
19
2
7
12
10
13
4
6
1
18
15
5
3
8
14
11
9
0
19
16
17
2
12
7
10
13
6
4
18
1
15
3
5
8
14
11
9
0
16
19
17
12
2
10
7
13
6
4
18
1
3
15
5
8
9
11
14
0
16
17
2
12
10
19
7
6
13
4
18
1
15
8
3
9
5
14
0
2
10
11
16
19
12
17
7
6
13
4
18
1
15
8
3
14
9
5
2
10
0
19
11
16
6
17
13
12
18
7
1
4
15
8
9
5
3
14
10
0
19
11
16
2
17
13
12
6
7
18
4
15
1
8
9
5
14
3
10
19
0
11
16
17
2
13
6
12
18
7
4
15
9
8
1
5
14
3
10
19
11
16
0
2
17
13
6
12
7
18
4
15
9
8
5
1
14
3
19
11
10
16
0
17
13
2
6
12
18
7
15
4
8
9
5
14
3
1
19
11
10
16
13
2
17
0
6
18
12
7
15
4
8
5
9
