7
9
19
16
18
15
1
0
10
12
14
6
2
13
4
3
8
5
11
7
17
9
19
16
1
15
18
12
2
14
0
10
6
4
11
5
3
13
8
17
7
9
19
1
15
16
18
12
2
0
14
4
6
10
3
11
13
5
8
17
7
9
19
15
1
16
12
18
2
0
14
6
4
10
3
13
11
5
17
8
9
19
7
15
12
16
1
2
18
0
14
6
4
3
10
11
13
5
17
8
19
13
9
15
12
7
16
2
1
18
0
14
6
4
3
11
10
5
8
17
9
15
19
13
12
2
16
7
0
18
14
1
6
4
3
11
5
10
17
8
9
15
19
13
12
16
0
1
18
2
7
14
4
3
6
11
10
5
17
8
15
19
9
13
12
1
16
7
2
14
0
18
4
3
6
11
8
17
10
5
9
15
19
12
13
1
16
18
0
2
14
4
7
3
12
6
11
10
17
8
5
15
9
19
13
16
2
14
1
4
7
18
0
3
12
11
6
10
8
5
17
15
19
9
16
13
1
2
7
14
3
18
4
0
12
11
6
10
8
17
15
5
19
9
16
13
1
14
2
7
3
4
0
18
12
6
11
10
15
8
5
17
19
9
16
14
2
7
1
3
13
4
12
0
18
11
6
10
15
8
17
5
19
9
16
1
14
2
7
3
13
12
4
11
18
6
0
15
10
8
5
17
19
14
9
2
16
7
1
12
3
13
6
11
18
0
4
15
8
5
10
17
2
19
16
14
9
1
7
3
12
13
6
11
18
4
0
15
5
8
17
19
10
2
16
1
9
14
3
12
7
13
11
18
0
6
4
15
17
5
8
19
16
10
2
1
14
3
9
12
7
11
6
13
4
0
18
15
5
8
17
19
10
16
2
1
3
9
14
12
7
11
6
13
4
0
18
15
5
8
17
16
10
19
2
9
3
1
14
12
11
7
6
13
4
0
15
18
5
17
8
16
19
10
2
9
3
14
12
1
6
11
4
7
13
15
18
0
5
17
16
19
10
9
8
3
14
12
2
1
6
11
13
7
4
18
0
15
5
17
16
19
3
10
1
8
9
12
2
14
6
4
7
11
13
0
18
15
5
16
17
8
10
1
19
3
12
9
2
14
4
7
6
11
0
13
18
15
16
10
3
5
17
1
19
8
12
9
2
14
7
4
6
11
0
18
13
15
16
3
1
17
8
5
12
19
9
10
14
2
7
6
4
11
18
0
15
13
3
16
17
12
10
5
1
8
19
9
14
2
6
7
11
4
0
18
15
13
3
16
17
19
9
1
8
12
5
10
14
2
6
7
4
11
0
15
18
13
3
16
17
9
8
1
12
5
19
10
2
14
6
7
4
11
0
15
18
13
3
9
8
16
17
12
10
5
1
19
14
7
2
17
4
6
11
0
15
18
13
3
8
9
16
12
5
10
1
14
19
2
7
17
6
11
4
0
15
13
18
3
8
9
12
16
5
10
14
19
2
1
7
17
11
4
6
0
15
18
13
3
9
8
12
16
10
5
14
19
17
2
1
7
11
4
6
0
15
18
13
3
9
8
12
16
10
14
19
5
1
17
2
11
4
6
7
0
15
13
18
3
8
9
12
16
1
17
10
19
5
2
14
11
4
0
6
7
15
13
18
8
3
12
9
1
10
16
17
5
2
14
4
11
19
0
7
15
6
13
8
18
3
12
9
1
16
17
10
14
2
4
5
11
19
15
0
7
6
13
3
8
12
9
18
1
17
14
2
4
10
16
5
19
0
11
15
7
6
3
12
9
13
8
17
18
14
1
16
2
5
10
19
11
4
0
7
15
6
3
12
13
9
17
8
18
1
14
2
5
10
16
11
19
4
0
6
7
15
3
12
9
17
13
8
1
18
14
2
5
10
16
11
4
19
0
7
15
6
3
12
17
9
8
1
13
18
14
2
5
16
11
10
19
4
0
15
6
7
3
12
9
17
8
1
14
13
18
5
2
16
19
10
4
11
0
15
7
6
3
12
17
9
8
1
14
13
18
5
2
19
11
16
10
4
0
15
7
6
3
12
17
9
13
14
18
1
8
5
3
10
19
4
16
11
2
0
15
6
7
17
12
14
8
1
18
9
5
13
3
19
10
11
2
16
4
0
6
15
7
17
1
12
14
13
18
3
5
8
10
11
2
9
19
16
4
0
6
15
7
1
17
12
13
14
8
18
5
9
2
3
11
10
4
16
19
0
6
15
7
1
17
8
13
12
18
14
2
11
9
3
4
10
5
16
19
6
0
15
7
1
17
